1.000000000000000000e+00 0.000000000000000000e+00 0.000000000000000000e+00 -0.000000000000000000e+00 0.000000000000000000e+00 1.000000000000000000e+00 0.000000000000000000e+00 -0.000000000000000000e+00 0.000000000000000000e+00 0.000000000000000000e+00 1.000000000000000000e+00 -0.000000000000000000e+00
9.999971359999999532e-01 -2.198550259999999899e-03 -9.454586560000000214e-04 -2.108679999999999875e-04 2.199247240000000003e-03 9.999973100000000281e-01 7.367769870000000351e-04 -2.154930000000000051e-04 9.438362709999999819e-04 -7.388541750000000028e-04 9.999992819999999893e-01 4.503549999999999936e-04
9.999879529999999850e-01 -4.760511769999999782e-03 -1.196767230000000005e-03 9.033259999999999296e-06 4.761816599999999650e-03 9.999880690000000349e-01 1.089823539999999974e-03 -6.383460000000000306e-04 1.191564829999999927e-03 -1.095509200000000004e-03 9.999986899999999679e-01 5.568020000000000131e-04
9.999737739999999819e-01 -7.195148729999999854e-03 -8.249873700000000471e-04 -4.797289999999999736e-04 7.195188899999999804e-03 9.999741130000000533e-01 4.574168329999999777e-05 -7.276640000000000452e-04 8.246368950000000121e-04 -5.167642370000000298e-05 9.999996589999999852e-01 3.856129999999999823e-04
9.999602570000000190e-01 -8.850771699999999270e-03 -1.072027500000000090e-03 -6.417869999999999998e-04 8.849930860000000676e-03 9.999605289999999869e-01 -7.865694780000000250e-04 -7.232719999999999557e-04 1.078946940000000045e-03 7.770508470000000263e-04 9.999991160000000212e-01 2.173300000000000080e-04
9.999541520000000405e-01 -9.430584089999999309e-03 -1.660503299999999908e-03 -1.085840000000000026e-03 9.428643489999999350e-03 9.999548620000000554e-01 -1.172655909999999928e-03 -5.713419999999999653e-04 1.671487169999999901e-03 1.156945850000000008e-03 9.999979340000000327e-01 4.270189999999999988e-04
9.999600250000000301e-01 -8.436106250000000376e-03 -2.963298510000000191e-03 -1.198290000000000076e-03 8.434804440000000583e-03 9.999643240000000155e-01 -4.515340410000000162e-04 -3.169520000000000106e-04 2.967001979999999914e-03 4.265211470000000271e-04 9.999955069999999502e-01 6.178289999999999694e-04
9.999736470000000210e-01 -6.046609680000000417e-03 -4.018055500000000148e-03 -8.385899999999999518e-04 6.051071859999999913e-03 9.999810879999999624e-01 1.099306509999999895e-03 -1.352099999999999960e-03 4.011332430000000282e-03 -1.123591080000000070e-03 9.999913230000000430e-01 1.062739999999999952e-03
9.999902659999999610e-01 -2.402402450000000033e-03 -3.700834579999999919e-03 -3.166849999999999808e-04 2.404143499999999815e-03 9.999970009999999965e-01 4.660702249999999834e-04 -2.774589999999999956e-03 3.699703789999999812e-03 -4.749630250000000213e-04 9.999930430000000259e-01 1.102209999999999952e-03
9.999969309999999778e-01 6.852334870000000499e-04 -2.380740760000000112e-03 -9.010079999999999630e-05 -6.898324950000000056e-04 9.999978969999999689e-01 -1.931470970000000046e-03 -3.012739999999999863e-03 2.379412249999999888e-03 1.933107359999999960e-03 9.999953010000000031e-01 1.002580000000000094e-03
9.999951179999999606e-01 2.692338989999999797e-03 -1.585775239999999897e-03 -3.023640000000000073e-04 -2.697563919999999837e-03 9.999909099999999551e-01 -3.301998720000000158e-03 -2.688519999999999799e-03 1.576870730000000083e-03 3.306260330000000084e-03 9.999932910000000064e-01 8.977310000000000281e-04
9.999917249999999980e-01 3.682799359999999918e-03 -1.728374260000000015e-03 -7.462109999999999948e-06 -3.688896520000000193e-03 9.999869380000000474e-01 -3.537855150000000174e-03 -2.556940000000000168e-03 1.715322470000000101e-03 3.544201669999999787e-03 9.999922479999999725e-01 1.186149999999999965e-03
9.999891800000000330e-01 4.304467099999999789e-03 -1.764119130000000105e-03 1.341050000000000044e-04 -4.309216430000000278e-03 9.999870779999999737e-01 -2.697282169999999819e-03 -3.551980000000000155e-03 1.752485980000000011e-03 2.704854960000000093e-03 9.999948060000000138e-01 1.443349999999999928e-03
9.999825909999999762e-01 5.501203569999999973e-03 -2.134343300000000020e-03 3.396270000000000061e-04 -5.510682729999999939e-03 9.999748649999999905e-01 -4.461088089999999846e-03 -4.193820000000000013e-03 2.109748299999999934e-03 4.472772110000000287e-03 9.999877719999999970e-01 1.449760000000000024e-03
9.999718370000000300e-01 7.061112169999999785e-03 -2.542873570000000073e-03 1.017420000000000000e-03 -7.074780610000000296e-03 9.999603559999999947e-01 -5.406924599999999789e-03 -3.130539999999999799e-03 2.504593859999999870e-03 5.424762589999999884e-03 9.999821490000000423e-01 1.434790000000000024e-03
9.999537870000000384e-01 9.294746810000000664e-03 -2.456003520000000096e-03 1.345679999999999923e-03 -9.305316250000000844e-03 9.999473399999999623e-01 -4.327713109999999953e-03 -3.632939999999999867e-03 2.415649189999999856e-03 4.350367009999999909e-03 9.999876189999999943e-01 1.723729999999999924e-03
9.999342399999999742e-01 1.120794469999999987e-02 -2.428332880000000013e-03 2.297599999999999903e-03 -1.121688430000000042e-02 9.999302450000000508e-01 -3.699574430000000195e-03 -2.946779999999999972e-03 2.386698870000000024e-03 3.726569470000000179e-03 9.999902080000000471e-01 1.831769999999999926e-03
9.999194980000000177e-01 1.255250800000000042e-02 -1.852639409999999988e-03 2.775140000000000159e-03 -1.255576389999999917e-02 9.999196310000000310e-01 -1.756412859999999980e-03 -4.237870000000000352e-03 1.830443130000000088e-03 1.779532770000000078e-03 9.999967410000000223e-01 1.994890000000000031e-03
9.999055709999999930e-01 1.367815999999999997e-02 -1.325609059999999922e-03 3.706720000000000154e-03 -1.368167529999999958e-02 9.999028100000000308e-01 -2.680090970000000017e-03 -4.820829999999999907e-03 1.288821510000000021e-03 2.697974450000000055e-03 9.999955299999999658e-01 2.126310000000000179e-03
9.999018979999999557e-01 1.400591659999999954e-02 1.678109739999999919e-04 4.766190000000000010e-03 -1.400528000000000016e-02 9.998963690000000071e-01 -3.332132539999999813e-03 -4.942020000000000093e-03 -2.144631540000000044e-04 3.329455419999999884e-03 9.999944339999999876e-01 2.063859999999999827e-03
9.999066909999999586e-01 1.347816999999999939e-02 2.224485449999999941e-03 5.550979999999999630e-03 -1.347012000000000036e-02 9.999028110000000025e-01 -3.594960769999999868e-03 -4.751100000000000288e-03 -2.272722750000000062e-03 3.564661240000000127e-03 9.999910640000000406e-01 2.115520000000000074e-03
9.999238430000000344e-01 1.165604559999999963e-02 4.055140009999999573e-03 5.956900000000000216e-03 -1.164675949999999932e-02 9.999295150000000465e-01 -2.306095910000000027e-03 -5.212370000000000024e-03 -4.081734150000000325e-03 2.258691049999999971e-03 9.999891189999999819e-01 2.461169999999999938e-03
9.999430070000000503e-01 9.363723719999999737e-03 5.128761729999999595e-03 5.600499999999999576e-03 -9.357117139999999306e-03 9.999553620000000143e-01 -1.310627379999999972e-03 -5.424589999999999967e-03 -5.140805140000000335e-03 1.262562249999999928e-03 9.999859890000000195e-01 2.568720000000000031e-03
9.999587899999999863e-01 7.968611360000000740e-03 4.349660029999999865e-03 4.481009999999999681e-03 -7.975768719999999992e-03 9.999668640000000108e-01 1.630641059999999925e-03 -4.648969999999999665e-03 -4.336521949999999972e-03 -1.665265750000000013e-03 9.999892110000000445e-01 2.555689999999999785e-03
9.999492410000000442e-01 9.940435540000000514e-03 1.644218069999999962e-03 3.086670000000000125e-03 -9.950523299999999849e-03 9.999309889999999923e-01 6.245324550000000419e-03 -6.618269999999999882e-03 -1.582023350000000012e-03 -6.261368370000000051e-03 9.999791460000000409e-01 2.827759999999999909e-03
9.998930929999999551e-01 1.461826750000000050e-02 -3.301327529999999893e-04 2.410709999999999936e-03 -1.461523600000000020e-02 9.998625420000000208e-01 7.828898860000000834e-03 -7.890750000000000194e-03 4.445323119999999785e-04 -7.823236929999999659e-03 9.999692989999999782e-01 3.203399999999999911e-03
9.997830030000000034e-01 2.082610260000000019e-02 -4.700192099999999881e-04 1.388190000000000084e-03 -2.082120989999999838e-02 9.997451130000000186e-01 8.728517340000000249e-03 -9.018450000000000771e-03 6.516804059999999716e-04 -8.716836900000000249e-03 9.999617950000000421e-01 3.575800000000000072e-03
9.996454409999999680e-01 2.662151000000000101e-02 5.361055200000000272e-04 2.331649999999999944e-04 -2.662549070000000059e-02 9.995973230000000376e-01 9.811966939999999804e-03 -9.849669999999999606e-03 -2.746802659999999867e-04 -9.822762100000000107e-03 9.999517180000000449e-01 4.261520000000000412e-03
9.995339720000000483e-01 3.037726929999999895e-02 3.010164719999999794e-03 -1.036290000000000041e-03 -3.041095569999999887e-02 9.994671099999999919e-01 1.186039179999999991e-02 -1.234339999999999916e-02 -2.648274319999999963e-03 -1.194640660000000076e-02 9.999251319999999943e-01 5.460060000000000087e-03
9.994668079999999843e-01 3.188385350000000340e-02 7.037013140000000257e-03 -3.343399999999999844e-03 -3.196681739999999994e-02 9.994167699999999543e-01 1.201007970000000057e-02 -1.485530000000000010e-02 -6.649981329999999670e-03 -1.222862700000000059e-02 9.999031149999999535e-01 6.500459999999999572e-03
9.994036960000000080e-01 3.279026289999999871e-02 1.081901109999999951e-02 -6.167429999999999787e-03 -3.290849130000000206e-02 9.993985260000000093e-01 1.093698780000000072e-02 -1.807270000000000057e-02 -1.045387709999999991e-02 -1.128650339999999995e-02 9.998816590000000337e-01 7.682559999999999736e-03
9.993473769999999812e-01 3.288617840000000042e-02 1.494385359999999933e-02 -8.568090000000000428e-03 -3.301088060000000046e-02 9.994215499999999919e-01 8.176043960000000527e-03 -2.068450000000000150e-02 -1.466633049999999973e-02 -8.664017850000000492e-03 9.998549060000000432e-01 8.659570000000000115e-03
9.993419270000000187e-01 3.044538880000000058e-02 1.971777970000000019e-02 -1.148360000000000006e-02 -3.057141359999999974e-02 9.995138380000000433e-01 6.121779889999999849e-03 -2.233440000000000078e-02 -1.952181370000000138e-02 -6.720551709999999720e-03 9.997868439999999524e-01 9.540399999999999228e-03
9.993297770000000302e-01 2.709385760000000004e-02 2.461545089999999866e-02 -1.464290000000000036e-02 -2.726585830000000099e-02 9.996059050000000168e-01 6.678894060000000084e-03 -2.339899999999999966e-02 -2.442479310000000153e-02 -7.345579100000000118e-03 9.996746829999999528e-01 1.047170000000000045e-02
9.992437440000000448e-01 2.454403399999999930e-02 3.015843550000000053e-02 -1.832320000000000129e-02 -2.482846140000000146e-02 9.996503709999999820e-01 9.093045989999999634e-03 -2.624989999999999962e-02 -2.992471119999999887e-02 -9.834956869999999726e-03 9.995037700000000136e-01 1.179320000000000021e-02
9.990897290000000375e-01 2.267267129999999895e-02 3.613396449999999732e-02 -2.169439999999999910e-02 -2.304590650000000115e-02 9.996849290000000554e-01 9.946339720000000814e-03 -2.769239999999999896e-02 -3.589706969999999914e-02 -1.077002579999999932e-02 9.992974569999999446e-01 1.258549999999999947e-02
9.988395599999999597e-01 2.115327269999999968e-02 4.326744200000000318e-02 -2.507910000000000000e-02 -2.175957450000000001e-02 9.996708589999999672e-01 1.359020650000000024e-02 -2.902779999999999944e-02 -4.296572359999999841e-02 -1.451591699999999971e-02 9.989710880000000071e-01 1.348489999999999932e-02
9.985000630000000488e-01 1.967061960000000137e-02 5.109492560000000044e-02 -2.920630000000000101e-02 -2.060695189999999996e-02 9.996280530000000164e-01 1.786360379999999901e-02 -3.275139999999999996e-02 -5.072453290000000087e-02 -1.888972020000000140e-02 9.985340259999999635e-01 1.487980000000000032e-02
9.980380420000000141e-01 1.974827510000000050e-02 5.941441229999999685e-02 -3.315880000000000216e-02 -2.092932159999999833e-02 9.995942319999999714e-01 1.932186500000000057e-02 -3.582559999999999911e-02 -5.900873040000000069e-02 -2.052745970000000031e-02 9.980463880000000065e-01 1.607170000000000126e-02
9.974726179999999776e-01 1.977146340000000141e-02 6.824562250000000552e-02 -3.803809999999999830e-02 -2.118760559999999932e-02 9.995736570000000043e-01 2.008952950000000154e-02 -3.911560000000000037e-02 -6.781932709999999309e-02 -2.148471700000000040e-02 9.974662629999999641e-01 1.739920000000000008e-02
9.969238719999999887e-01 1.853545700000000171e-02 7.615268370000000120e-02 -4.299050000000000094e-02 -2.011782349999999969e-02 9.995962630000000404e-01 2.006449269999999868e-02 -4.132319999999999743e-02 -7.575003349999999414e-02 -2.153479800000000083e-02 9.968942699999999713e-01 1.850490000000000121e-02
9.963596080000000077e-01 1.604986939999999973e-02 8.372534189999999987e-02 -4.806780000000000080e-02 -1.794811619999999927e-02 9.995975310000000391e-01 2.196907420000000083e-02 -4.367530000000000023e-02 -8.333904429999999808e-02 -2.339181040000000086e-02 9.962466700000000008e-01 1.977690000000000003e-02
9.957893629999999829e-01 1.429756180000000057e-02 9.054901640000000140e-02 -5.418200000000000099e-02 -1.651115800000000147e-02 9.995816990000000457e-01 2.374464659999999880e-02 -4.847859999999999669e-02 -9.017164910000000089e-02 -2.513973560000000093e-02 9.956088929999999948e-01 2.152029999999999915e-02
9.953385679999999791e-01 1.128797580000000071e-02 9.577952210000000022e-02 -5.946900000000000103e-02 -1.357158359999999925e-02 9.996381519999999465e-01 2.322447680000000111e-02 -5.130370000000000069e-02 -9.548270720000000267e-02 -2.441609730000000172e-02 9.951316030000000312e-01 2.258479999999999863e-02
9.948992869999999655e-01 6.008973479999999735e-03 1.006940969999999963e-01 -6.463960000000000539e-02 -8.526354590000000122e-03 9.996612940000000336e-01 2.458859019999999965e-02 -5.323859999999999704e-02 -1.005122390000000032e-01 -2.532172439999999872e-02 9.946135430000000444e-01 2.352500000000000077e-02
9.944217220000000079e-01 3.064593190000000004e-04 1.054767509999999936e-01 -7.009039999999999715e-02 -3.232755199999999985e-03 9.996145469999999644e-01 2.757366680000000042e-02 -5.662989999999999691e-02 -1.054276450000000004e-01 -2.776083379999999892e-02 9.940394099999999566e-01 2.510209999999999872e-02
9.937073060000000124e-01 -3.690137710000000217e-03 1.119471870000000036e-01 -7.576560000000000239e-02 4.591255960000000099e-04 9.995829539999999680e-01 2.887399289999999924e-02 -6.139730000000000187e-02 -1.120070489999999974e-01 -2.864089989999999905e-02 9.932945789999999553e-01 2.717249999999999874e-02
9.928141129999999981e-01 -7.462700479999999879e-03 1.194338509999999937e-01 -8.186100000000000321e-02 4.362909409999999981e-03 9.996473439999999933e-01 2.619450560000000094e-02 -6.423840000000000106e-02 -1.195872139999999972e-01 -2.548519579999999896e-02 9.924965510000000046e-01 2.864550000000000082e-02
9.918223379999999700e-01 -1.130077080000000019e-02 1.271249120000000066e-01 -8.882900000000000518e-02 8.334020750000000616e-03 9.996809279999999687e-01 2.384502780000000155e-02 -6.778480000000000616e-02 -1.273538170000000080e-01 -2.259056959999999892e-02 9.916000560000000075e-01 3.055099999999999830e-02
9.909603510000000171e-01 -1.233106599999999990e-02 1.335871560000000124e-01 -9.626999999999999447e-02 9.895829210000000112e-03 9.997728169999999803e-01 1.887823890000000018e-02 -6.982670000000000543e-02 -1.337895960000000106e-01 -1.738563060000000021e-02 9.908572469999999965e-01 3.189150000000000318e-02
9.902322909999999867e-01 -1.107841809999999920e-02 1.389866140000000083e-01 -1.027580000000000021e-01 9.088787669999999139e-03 9.998470560000000118e-01 1.494181789999999947e-02 -7.373749999999999749e-02 -1.391308880000000081e-01 -1.353265069999999917e-02 9.901815299999999764e-01 3.394049999999999845e-02
9.893534179999999845e-01 -9.290227159999999221e-03 1.452360370000000123e-01 -1.089939999999999937e-01 8.203578079999999245e-03 9.999337130000000018e-01 8.079078420000000010e-03 -7.458639999999999715e-02 -1.453014659999999902e-01 -6.801608679999999671e-03 9.893640489999999676e-01 3.488449999999999884e-02
9.882252110000000478e-01 -1.145291399999999980e-02 1.525770710000000085e-01 -1.145499999999999990e-01 1.054409809999999961e-02 9.999215299999999473e-01 6.764264469999999724e-03 -7.480359999999999787e-02 -1.526425690000000057e-01 -5.075829070000000172e-03 9.882684259999999776e-01 3.612250000000000183e-02
9.868372420000000034e-01 -1.546655109999999986e-02 1.609752919999999921e-01 -1.214360000000000023e-01 1.421141639999999942e-02 9.998589960000000554e-01 8.945567470000000479e-03 -7.569449999999999790e-02 -1.610909510000000100e-01 -6.540132229999999665e-03 9.869178950000000450e-01 3.797480000000000300e-02
9.854897999999999714e-01 -1.837323260000000083e-02 1.687373050000000041e-01 -1.283880000000000021e-01 1.644067810000000157e-02 9.997823559999999832e-01 1.284311880000000086e-02 -7.823389999999999511e-02 -1.689365499999999909e-01 -9.882606869999999502e-03 9.855773820000000018e-01 4.006459999999999883e-02
9.841869629999999702e-01 -2.135394789999999973e-02 1.758409230000000101e-01 -1.350790000000000046e-01 1.882239809999999847e-02 9.996939729999999580e-01 1.605231699999999997e-02 -8.068839999999999346e-02 -1.761298910000000106e-01 -1.248873319999999933e-02 9.842877079999999834e-01 4.172479999999999939e-02
9.828185809999999689e-01 -2.583634610000000095e-02 1.827569950000000054e-01 -1.424189999999999900e-01 2.263779750000000091e-02 9.995522390000000090e-01 1.956658140000000143e-02 -8.455769999999999953e-02 -1.831806930000000055e-01 -1.509318400000000081e-02 9.829633920000000469e-01 4.350129999999999969e-02
9.816447700000000554e-01 -3.110587219999999889e-02 1.881647429999999954e-01 -1.501909999999999912e-01 2.762858099999999928e-02 9.993960640000000284e-01 2.107533099999999923e-02 -8.840739999999999710e-02 -1.887066699999999930e-01 -1.548976359999999948e-02 9.819113299999999711e-01 4.496370000000000228e-02
9.807288389999999634e-01 -3.728161569999999952e-02 1.917838000000000043e-01 -1.575070000000000081e-01 3.366369400000000095e-02 9.991890740000000104e-01 2.208960039999999930e-02 -9.153210000000000512e-02 -1.924518129999999994e-01 -1.520775700000000057e-02 9.811885769999999507e-01 4.603779999999999678e-02
9.799272679999999625e-01 -4.341426479999999782e-02 1.945706849999999932e-01 -1.650369999999999893e-01 3.945673890000000322e-02 9.989288830000000452e-01 2.417131180000000115e-02 -9.427259999999999807e-02 -1.954116559999999891e-01 -1.600900289999999948e-02 9.805906359999999600e-01 4.696720000000000061e-02
9.793857299999999544e-01 -4.879589250000000017e-02 1.960167160000000075e-01 -1.722049999999999970e-01 4.414760980000000112e-02 9.986321099999999618e-01 2.801600890000000010e-02 -9.780590000000000117e-02 -1.971156530000000018e-01 -1.878480979999999981e-02 9.802002600000000454e-01 4.811610000000000192e-02
9.789692620000000067e-01 -5.359478329999999707e-02 1.968420240000000043e-01 -1.791979999999999962e-01 4.826958540000000214e-02 9.983294240000000208e-01 3.175545850000000003e-02 -1.016800000000000065e-01 -1.982151109999999994e-01 -2.158613490000000149e-02 9.799208169999999996e-01 4.926459999999999867e-02
9.785894120000000473e-01 -5.851018489999999794e-02 1.973304879999999983e-01 -1.855719999999999870e-01 5.256016909999999820e-02 9.979950389999999727e-01 3.526089369999999695e-02 -1.070129999999999970e-01 -1.989979699999999962e-01 -2.413421339999999998e-02 9.797026829999999631e-01 5.067649999999999932e-02
9.780811169999999999e-01 -6.326676809999999540e-02 1.983800530000000006e-01 -1.921750000000000125e-01 5.738125110000000251e-02 9.977286530000000209e-01 3.528353310000000020e-02 -1.119249999999999967e-01 -2.001617380000000057e-01 -2.312686179999999883e-02 9.794898810000000067e-01 5.217100000000000209e-02
9.774068860000000303e-01 -6.727472130000000661e-02 2.003743799999999908e-01 -1.979150000000000076e-01 6.154780239999999708e-02 9.975013919999999867e-01 3.468199040000000122e-02 -1.147009999999999974e-01 -2.022069439999999996e-01 -2.156581349999999939e-02 9.791053400000000462e-01 5.292670000000000013e-02
9.764518159999999725e-01 -7.002690259999999611e-02 2.040541200000000055e-01 -2.041060000000000096e-01 6.400759350000000125e-02 9.973013459999999775e-01 3.595905490000000232e-02 -1.194410000000000055e-01 -2.060215489999999983e-01 -2.205127130000000130e-02 9.782989640000000486e-01 5.444559999999999678e-02
9.755741749999999879e-01 -7.070148380000000621e-02 2.079815580000000108e-01 -2.106200000000000017e-01 6.485607370000000260e-02 9.972876389999999480e-01 3.480022559999999821e-02 -1.235109999999999958e-01 -2.098778639999999973e-01 -2.046133420000000036e-02 9.775134859999999870e-01 5.583540000000000031e-02
9.746910260000000159e-01 -7.161164799999999997e-02 2.117762380000000055e-01 -2.167630000000000112e-01 6.593446849999999582e-02 9.972527420000000253e-01 3.375816689999999731e-02 -1.276380000000000015e-01 -2.136119119999999871e-01 -1.894042870000000114e-02 9.767349749999999498e-01 5.711600000000000010e-02
9.737761270000000469e-01 -7.331677699999999964e-02 2.153710879999999883e-01 -2.231849999999999945e-01 6.807370860000000468e-02 9.971774359999999726e-01 3.167223370000000343e-02 -1.320209999999999995e-01 -2.170852950000000114e-01 -1.618055629999999925e-02 9.760185270000000246e-01 5.826479999999999854e-02
9.727799139999999678e-01 -7.560982509999999990e-02 2.190488389999999952e-01 -2.288999999999999924e-01 7.085090369999999527e-02 9.970502599999999660e-01 2.951149999999999954e-02 -1.340820000000000067e-01 -2.206340619999999919e-01 -1.318838620000000079e-02 9.752674900000000147e-01 5.847259999999999958e-02
9.716157899999999792e-01 -7.715700910000000690e-02 2.236281559999999946e-01 -2.354960000000000109e-01 7.217936490000000094e-02 9.969294720000000387e-01 3.036060299999999990e-02 -1.371940000000000104e-01 -2.252840329999999947e-01 -1.335750309999999934e-02 9.742015609999999937e-01 5.913659999999999750e-02
9.706945590000000124e-01 -7.809609439999999625e-02 2.272731249999999925e-01 -2.416429999999999967e-01 7.284031130000000187e-02 9.968481089999999822e-01 3.143464590000000225e-02 -1.401370000000000116e-01 -2.290117080000000083e-01 -1.395879459999999940e-02 9.733235789999999943e-01 5.957939999999999764e-02
9.697297390000000350e-01 -8.065285369999999898e-02 2.304763549999999939e-01 -2.464999999999999969e-01 7.491619589999999607e-02 9.966253250000000063e-01 3.354883609999999988e-02 -1.435939999999999994e-01 -2.324043819999999927e-01 -1.526689229999999946e-02 9.724994219999999467e-01 5.972220000000000306e-02
9.682308950000000358e-01 -8.381651489999999982e-02 2.355922870000000113e-01 -2.517710000000000226e-01 7.796964110000000059e-02 9.963743689999999820e-01 3.404191150000000082e-02 -1.464179999999999926e-01 -2.375913910000000129e-01 -1.459138440000000078e-02 9.712555910000000292e-01 5.972029999999999700e-02
9.663685130000000401e-01 -8.733880210000000144e-02 2.418756519999999965e-01 -2.576129999999999809e-01 8.107842190000000282e-02 9.960668809999999596e-01 3.573594210000000104e-02 -1.477999999999999869e-01 -2.440454609999999913e-01 -1.492319299999999953e-02 9.696489630000000304e-01 5.944510000000000072e-02
9.646041560000000459e-01 -9.071915789999999979e-02 2.476062549999999973e-01 -2.638050000000000117e-01 8.368412170000000261e-02 9.957361759999999729e-01 3.881281539999999891e-02 -1.500960000000000072e-01 -2.500715709999999925e-01 -1.671829110000000104e-02 9.680830070000000509e-01 5.926010000000000305e-02
9.630784690000000481e-01 -9.442059090000000376e-02 2.521202390000000237e-01 -2.697510000000000185e-01 8.654374530000000232e-02 9.953548679999999482e-01 4.217661050000000300e-02 -1.511419999999999986e-01 -2.549314480000000049e-01 -1.879995569999999908e-02 9.667763539999999489e-01 5.864819999999999756e-02
9.616130880000000047e-01 -9.884035339999999725e-02 2.559899480000000227e-01 -2.753309999999999924e-01 8.970047659999999534e-02 9.948512900000000547e-01 4.716708969999999779e-02 -1.536289999999999878e-01 -2.593339419999999840e-01 -2.239407040000000043e-02 9.655280480000000276e-01 5.829199999999999660e-02
9.601736330000000263e-01 -1.031111710000000015e-01 2.596818830000000022e-01 -2.810130000000000128e-01 9.314206580000000679e-02 9.943743200000000337e-01 5.044073489999999910e-02 -1.553080000000000016e-01 -2.634219990000000178e-01 -2.424455660000000151e-02 9.643759910000000435e-01 5.811079999999999718e-02
9.586762930000000127e-01 -1.075423169999999984e-01 2.633902329999999736e-01 -2.868709999999999871e-01 9.668728360000000688e-02 9.938557340000000462e-01 5.387345469999999664e-02 -1.568070000000000019e-01 -2.675655690000000031e-01 -2.618071770000000159e-02 9.631839060000000341e-01 5.812260000000000343e-02
9.573968430000000529e-01 -1.117642630000000026e-01 2.662706029999999946e-01 -2.935639999999999916e-01 1.002123560000000024e-01 9.933532800000000051e-01 5.662812090000000215e-02 -1.563839999999999952e-01 -2.708297769999999938e-01 -2.753197970000000050e-02 9.622334550000000153e-01 5.827090000000000047e-02
9.564216650000000319e-01 -1.172347739999999999e-01 2.674202800000000102e-01 -3.001110000000000166e-01 1.038057849999999976e-01 9.925450470000000136e-01 6.386461279999999796e-02 -1.562800000000000022e-01 -2.729138280000000250e-01 -3.332172729999999944e-02 9.614612340000000534e-01 5.874669999999999892e-02
9.556948640000000328e-01 -1.228464479999999970e-01 2.674996780000000185e-01 -3.065849999999999964e-01 1.074884809999999968e-01 9.916408270000000025e-01 7.137714670000000483e-02 -1.585350000000000092e-01 -2.740320299999999820e-01 -3.946163839999999867e-02 9.609106229999999638e-01 6.017940000000000095e-02
9.552939729999999630e-01 -1.281901769999999885e-01 2.664220420000000256e-01 -3.131550000000000167e-01 1.113364710000000063e-01 9.907566850000000258e-01 7.749439510000000197e-02 -1.585860000000000047e-01 -2.738934399999999880e-01 -4.436743869999999756e-02 9.607361309999999932e-01 6.148929999999999674e-02
9.550331800000000371e-01 -1.333371680000000059e-01 2.648260270000000194e-01 -3.190640000000000143e-01 1.146613479999999963e-01 9.897750180000000064e-01 8.484213899999999697e-02 -1.608289999999999997e-01 -2.734307959999999760e-01 -5.066174860000000058e-02 9.605566030000000088e-01 6.366510000000000224e-02
9.549333869999999669e-01 -1.356237090000000090e-01 2.640235530000000219e-01 -3.247999999999999776e-01 1.155321589999999954e-01 9.891937100000000038e-01 9.026696230000000321e-02 -1.613080000000000069e-01 -2.734127780000000230e-01 -5.569572479999999881e-02 9.602829990000000260e-01 6.598060000000000036e-02
9.545072039999999980e-01 -1.378150850000000038e-01 2.644295749999999723e-01 -3.295870000000000188e-01 1.158084250000000065e-01 9.885083590000000031e-01 9.715776919999999373e-02 -1.635639999999999872e-01 -2.747806509999999869e-01 -6.211461809999999778e-02 9.594984979999999775e-01 6.945160000000000222e-02
9.536019719999999644e-01 -1.404553759999999929e-01 2.662997679999999923e-01 -3.350770000000000137e-01 1.170785409999999943e-01 9.878917409999999899e-01 1.017964779999999958e-01 -1.646019999999999983e-01 -2.773732039999999843e-01 -6.589533329999999745e-02 9.584998230000000286e-01 7.325470000000000592e-02
9.522034539999999492e-01 -1.450503009999999926e-01 2.688289269999999953e-01 -3.406319999999999903e-01 1.198713309999999976e-01 9.869074420000000236e-01 1.079099889999999978e-01 -1.651320000000000010e-01 -2.809616449999999821e-01 -7.052738270000000198e-02 9.571240479999999495e-01 7.767540000000000555e-02
9.503790749999999621e-01 -1.506229550000000028e-01 2.721990790000000104e-01 -3.459070000000000200e-01 1.232515430000000051e-01 9.856779930000000300e-01 1.150997470000000023e-01 -1.678749999999999964e-01 -2.856373059999999797e-01 -7.583943479999999404e-02 9.553322509999999657e-01 8.290340000000000209e-02
9.481220350000000296e-01 -1.558115069999999880e-01 2.771053609999999945e-01 -3.517239999999999811e-01 1.267213590000000056e-01 9.846447170000000026e-01 1.200686420000000032e-01 -1.687819999999999876e-01 -2.915584059999999922e-01 -7.872455690000000617e-02 9.533079979999999898e-01 8.820469999999999700e-02
9.451552319999999563e-01 -1.644207970000000074e-01 2.822186899999999943e-01 -3.566949999999999843e-01 1.328909849999999893e-01 9.828857629999999679e-01 1.275757160000000057e-01 -1.738989999999999980e-01 -2.983648329999999960e-01 -8.307453619999999317e-02 9.508296630000000471e-01 9.470059999999999589e-02
9.421797910000000442e-01 -1.711995099999999992e-01 2.880763250000000220e-01 -3.615149999999999753e-01 1.396905579999999925e-01 9.820497639999999917e-01 1.267470260000000126e-01 -1.819040000000000101e-01 -3.046043159999999861e-01 -7.917694399999999910e-02 9.491823969999999555e-01 1.025400000000000061e-01
9.389107509999999879e-01 -1.751936699999999958e-01 2.962326439999999894e-01 -3.671610000000000151e-01 1.464064860000000023e-01 9.822932610000000286e-01 1.168977789999999933e-01 -1.830239999999999922e-01 -3.114670809999999790e-01 -6.638620130000000286e-02 9.479351929999999538e-01 1.085099999999999953e-01
9.342782210000000198e-01 -1.813814609999999938e-01 3.069608629999999727e-01 -3.724819999999999798e-01 1.531689109999999909e-01 9.816206060000000067e-01 1.138431849999999995e-01 -1.838770000000000127e-01 -3.219681520000000075e-01 -5.934434730000000269e-02 9.448887540000000529e-01 1.147439999999999988e-01
9.292406640000000495e-01 -1.872059829999999925e-01 3.185368250000000234e-01 -3.780299999999999772e-01 1.582978640000000103e-01 9.807200630000000308e-01 1.145859689999999959e-01 -1.881390000000000007e-01 -3.338466339999999755e-01 -5.605424319999999933e-02 9.409592690000000426e-01 1.220569999999999988e-01
9.246922640000000415e-01 -1.903436719999999915e-01 3.297173090000000140e-01 -3.840549999999999797e-01 1.618129020000000085e-01 9.804236130000000271e-01 1.121878989999999937e-01 -1.935510000000000008e-01 -3.446168920000000080e-01 -5.038676760000000004e-02 9.373901919999999555e-01 1.293650000000000078e-01
9.206802149999999685e-01 -1.916769219999999996e-01 3.400116169999999882e-01 -3.911830000000000029e-01 1.647182709999999994e-01 9.805472170000000265e-01 1.067475870000000049e-01 -1.938149999999999873e-01 -3.538584929999999962e-01 -4.227426549999999811e-02 9.343431129999999474e-01 1.349920000000000009e-01
9.167003689999999594e-01 -1.960712860000000113e-01 3.481615780000000271e-01 -3.979659999999999864e-01 1.679176039999999981e-01 9.796893979999999891e-01 1.096009230000000029e-01 -1.936019999999999963e-01 -3.625798000000000076e-01 -4.200874880000000228e-02 9.310054530000000383e-01 1.408119999999999927e-01
9.126279010000000191e-01 -2.022668250000000112e-01 3.552442069999999785e-01 -4.032049999999999801e-01 1.707707850000000083e-01 9.781901029999999775e-01 1.182432330000000031e-01 -1.961509999999999920e-01 -3.714130509999999941e-01 -4.724674169999999729e-02 9.272648439999999770e-01 1.469159999999999910e-01
9.084572039999999626e-01 -2.074707319999999910e-01 3.628517660000000200e-01 -4.088240000000000207e-01 1.720552419999999971e-01 9.767713789999999952e-01 1.277288779999999901e-01 -1.992480000000000084e-01 -3.809232240000000047e-01 -5.360567110000000191e-02 9.230514229999999820e-01 1.524760000000000004e-01
9.050854189999999466e-01 -2.097680879999999914e-01 3.698888120000000113e-01 -4.143569999999999753e-01 1.706056159999999877e-01 9.759097270000000046e-01 1.359923869999999924e-01 -2.047410000000000063e-01 -3.895049520000000154e-01 -5.997961839999999684e-02 9.190692780000000450e-01 1.582169999999999965e-01
9.027494489999999816e-01 -2.096735540000000120e-01 3.756067539999999871e-01 -4.201230000000000242e-01 1.689419209999999949e-01 9.758200630000000153e-01 1.386860940000000098e-01 -2.089310000000000056e-01 -3.956034119999999876e-01 -6.174306849999999791e-02 9.163436769999999676e-01 1.630540000000000045e-01
9.005675119999999589e-01 -2.121684849999999900e-01 3.794241549999999852e-01 -4.251480000000000259e-01 1.706904609999999878e-01 9.752943120000000521e-01 1.402346999999999899e-01 -2.106220000000000037e-01 -3.998036050000000063e-01 -6.152673110000000251e-02 9.145335089999999667e-01 1.665389999999999926e-01
8.978360370000000312e-01 -2.190448979999999879e-01 3.819813910000000035e-01 -4.312489999999999934e-01 1.756086779999999903e-01 9.736388689999999624e-01 1.455642299999999889e-01 -2.122970000000000135e-01 -4.037970309999999730e-01 -6.361356440000000279e-02 9.126342490000000085e-01 1.702269999999999894e-01
8.962401869999999660e-01 -2.260709909999999989e-01 3.816352109999999742e-01 -4.382639999999999869e-01 1.799446090000000054e-01 9.717011800000000532e-01 1.530253420000000086e-01 -2.161109999999999975e-01 -4.054299749999999980e-01 -6.847426199999999408e-02 9.115579029999999472e-01 1.744759999999999922e-01
8.962830370000000046e-01 -2.313070809999999977e-01 3.783830759999999849e-01 -4.446950000000000069e-01 1.831392370000000103e-01 9.701069260000000360e-01 1.592249069999999989e-01 -2.197800000000000031e-01 -4.039018919999999846e-01 -7.341379550000000365e-02 9.118517839999999985e-01 1.781300000000000106e-01
8.968370740000000119e-01 -2.345081800000000105e-01 3.750855590000000128e-01 -4.491020000000000012e-01 1.844978810000000025e-01 9.689420749999999583e-01 1.646565720000000010e-01 -2.243110000000000104e-01 -4.020494929999999800e-01 -7.846762740000000347e-02 9.122494380000000236e-01 1.815940000000000054e-01
8.968622859999999530e-01 -2.343262740000000011e-01 3.751389569999999951e-01 -4.539099999999999802e-01 1.833315530000000082e-01 9.687892820000000293e-01 1.668438469999999896e-01 -2.289869999999999961e-01 -4.025264969999999831e-01 -8.086114710000000261e-02 9.118299699999999897e-01 1.855090000000000072e-01
8.959144799999999575e-01 -2.347243750000000129e-01 3.771494559999999940e-01 -4.596930000000000183e-01 1.835954800000000053e-01 9.687492749999999653e-01 1.667859190000000047e-01 -2.304559999999999942e-01 -4.045119819999999922e-01 -8.018298470000000122e-02 9.110108369999999622e-01 1.886559999999999904e-01
8.939869679999999930e-01 -2.393358009999999869e-01 3.788214300000000145e-01 -4.661020000000000163e-01 1.863279609999999864e-01 9.674070660000000377e-01 1.714802029999999977e-01 -2.314340000000000008e-01 -4.075158799999999970e-01 -8.271604200000000351e-02 9.094442609999999760e-01 1.922689999999999955e-01
8.925918210000000075e-01 -2.436386670000000032e-01 3.793679489999999821e-01 -4.712910000000000155e-01 1.876292699999999869e-01 9.658264789999999600e-01 1.788140629999999953e-01 -2.348899999999999877e-01 -4.099696310000000010e-01 -8.842743890000000218e-02 9.078025610000000079e-01 1.966219999999999912e-01
8.915974559999999549e-01 -2.454293200000000064e-01 3.805501609999999979e-01 -4.764700000000000046e-01 1.872525300000000004e-01 9.649938620000000356e-01 1.836391490000000015e-01 -2.380879999999999941e-01 -4.122990009999999983e-01 -9.247321710000000472e-02 9.063433330000000288e-01 2.010389999999999955e-01
8.899032890000000418e-01 -2.467768170000000094e-01 3.836317750000000082e-01 -4.810650000000000204e-01 1.867917460000000085e-01 9.644218009999999675e-01 1.870813560000000042e-01 -2.403069999999999928e-01 -4.161501890000000037e-01 -9.482506479999999738e-02 9.043380049999999448e-01 2.051310000000000078e-01
8.868327080000000251e-01 -2.487145430000000101e-01 3.894468179999999724e-01 -4.868939999999999935e-01 1.862285130000000122e-01 9.636883120000000469e-01 1.913733999999999991e-01 -2.416079999999999894e-01 -4.229026949999999951e-01 -9.719008899999999340e-02 9.009480549999999699e-01 2.094340000000000090e-01
8.830141950000000017e-01 -2.526775560000000254e-01 3.955249479999999873e-01 -4.930939999999999768e-01 1.867294949999999953e-01 9.622788599999999581e-01 1.978673559999999942e-01 -2.443200000000000094e-01 -4.306019360000000185e-01 -1.008635110000000029e-01 8.968882449999999729e-01 2.143380000000000007e-01
8.791874119999999460e-01 -2.577071659999999875e-01 4.007698989999999850e-01 -4.990280000000000271e-01 1.888535040000000054e-01 9.606967339999999966e-01 2.034604140000000061e-01 -2.470559999999999978e-01 -4.374515390000000004e-01 -1.031930350000000024e-01 8.933013760000000358e-01 2.190779999999999950e-01
8.746373579999999759e-01 -2.641299300000000128e-01 4.065032250000000236e-01 -5.044579999999999620e-01 1.920907960000000081e-01 9.587248919999999952e-01 2.096370879999999992e-01 -2.491400000000000003e-01 -4.450961900000000027e-01 -1.052709000000000006e-01 8.892735349999999483e-01 2.237619999999999887e-01
8.683059039999999618e-01 -2.723663929999999844e-01 4.145617030000000036e-01 -5.090529999999999777e-01 1.961538730000000064e-01 9.561788479999999701e-01 2.173606899999999953e-01 -2.525379999999999847e-01 -4.555968790000000102e-01 -1.074176869999999978e-01 8.836814610000000014e-01 2.288989999999999914e-01
8.602895120000000340e-01 -2.807216479999999903e-01 4.255552980000000263e-01 -5.133210000000000273e-01 2.003580819999999929e-01 9.537459640000000016e-01 2.241099629999999954e-01 -2.573300000000000032e-01 -4.687841660000000021e-01 -1.075360070000000029e-01 8.767425009999999519e-01 2.344789999999999930e-01
8.522924299999999898e-01 -2.872796989999999995e-01 4.371132440000000119e-01 -5.199979999999999603e-01 2.044564520000000107e-01 9.521613220000000322e-01 2.271263420000000088e-01 -2.604139999999999788e-01 -4.814511120000000144e-01 -1.042074389999999989e-01 8.702560750000000178e-01 2.396699999999999942e-01
8.458810700000000127e-01 -2.944279200000000096e-01 4.447442140000000266e-01 -5.264600000000000390e-01 2.087343650000000050e-01 9.500662439999999487e-01 2.319571019999999983e-01 -2.638380000000000170e-01 -4.908311120000000138e-01 -1.033747200000000033e-01 8.651002759999999459e-01 2.450390000000000068e-01
8.410582720000000512e-01 -2.997974769999999789e-01 4.502693139999999761e-01 -5.312230000000000008e-01 2.122362349999999953e-01 9.485158919999999716e-01 2.351029199999999930e-01 -2.697220000000000173e-01 -4.975708629999999744e-01 -1.021717919999999974e-01 8.613850250000000264e-01 2.509649999999999936e-01
8.368102410000000102e-01 -3.019683049999999924e-01 4.566878180000000231e-01 -5.371949999999999781e-01 2.148144780000000031e-01 9.483451139999999890e-01 2.334443949999999990e-01 -2.725130000000000052e-01 -5.035904690000000405e-01 -9.724550560000000399e-02 8.584520669999999853e-01 2.556570000000000231e-01
8.320207520000000301e-01 -3.057198509999999869e-01 4.629004649999999832e-01 -5.431799999999999962e-01 2.174688009999999894e-01 9.473990719999999532e-01 2.348240189999999949e-01 -2.748889999999999945e-01 -5.103418349999999659e-01 -9.471204769999999606e-02 8.547402179999999960e-01 2.607099999999999973e-01
8.272697369999999495e-01 -3.096833999999999976e-01 4.687440390000000012e-01 -5.484860000000000291e-01 2.197609319999999922e-01 9.462506120000000465e-01 2.373076329999999901e-01 -2.788039999999999963e-01 -5.170395679999999494e-01 -9.330579579999999373e-02 8.508608069999999968e-01 2.665589999999999904e-01
8.225865169999999615e-01 -3.126793660000000141e-01 4.749558249999999981e-01 -5.546170000000000266e-01 2.213895339999999989e-01 9.454471789999999709e-01 2.389901819999999955e-01 -2.816580000000000195e-01 -5.237729429999999908e-01 -9.143985270000000443e-02 8.469360409999999728e-01 2.721199999999999730e-01
8.180823219999999729e-01 -3.161969949999999807e-01 4.803756599999999821e-01 -5.609769999999999479e-01 2.230489730000000115e-01 9.443553439999999854e-01 2.417480939999999967e-01 -2.848439999999999861e-01 -5.300853420000000149e-01 -9.062254470000000173e-02 8.430878269999999564e-01 2.779070000000000151e-01
8.141874879999999592e-01 -3.200254730000000047e-01 4.844403279999999756e-01 -5.677830000000000377e-01 2.249077859999999984e-01 9.430740770000000106e-01 2.450056610000000135e-01 -2.876110000000000055e-01 -5.352711669999999922e-01 -9.052614200000000388e-02 8.398153339999999689e-01 2.834300000000000153e-01
8.106690250000000431e-01 -3.247971110000000272e-01 4.871576420000000018e-01 -5.741230000000000500e-01 2.271854399999999885e-01 9.413347650000000177e-01 2.495508690000000085e-01 -2.910079999999999889e-01 -5.396318260000000366e-01 -9.162803640000000138e-02 8.369001109999999466e-01 2.890170000000000239e-01
8.070264679999999968e-01 -3.294305530000000148e-01 4.900854929999999832e-01 -5.808550000000000102e-01 2.295740950000000058e-01 9.396723340000000535e-01 2.535973970000000022e-01 -2.934829999999999939e-01 -5.440625100000000547e-01 -9.214887789999999523e-02 8.339691660000000395e-01 2.940389999999999948e-01
8.027746559999999754e-01 -3.366167709999999813e-01 4.921808630000000240e-01 -5.877809999999999979e-01 2.331674990000000003e-01 9.369044490000000280e-01 2.604668339999999804e-01 -2.962420000000000053e-01 -5.488039439999999880e-01 -9.433559190000000150e-02 8.306112369999999467e-01 2.993239999999999790e-01
7.983977939999999940e-01 -3.438620039999999989e-01 4.942872500000000113e-01 -5.932819999999999760e-01 2.370825950000000071e-01 9.341108110000000408e-01 2.668873099999999887e-01 -3.013919999999999932e-01 -5.534914690000000137e-01 -9.589533570000000062e-02 8.273157070000000113e-01 3.051909999999999901e-01
7.946123040000000470e-01 -3.486723050000000157e-01 4.970099689999999959e-01 -5.994730000000000336e-01 2.405608069999999876e-01 9.324556160000000427e-01 2.695496669999999928e-01 -3.050280000000000213e-01 -5.574242400000000153e-01 -9.462636250000000526e-02 8.248175970000000135e-01 3.103739999999999832e-01
7.908648000000000344e-01 -3.536721809999999744e-01 4.994485519999999901e-01 -6.046040000000000303e-01 2.446348220000000018e-01 9.307631690000000013e-01 2.717236239999999969e-01 -3.106920000000000237e-01 -5.609694039999999493e-01 -9.271414249999999913e-02 8.226283580000000040e-01 3.163170000000000148e-01
7.868301469999999798e-01 -3.574405119999999880e-01 5.031248360000000197e-01 -6.117639999999999745e-01 2.499741490000000066e-01 9.299252209999999685e-01 2.697258040000000134e-01 -3.139159999999999728e-01 -5.642794030000000127e-01 -8.646019110000000008e-02 8.210440850000000346e-01 3.211809999999999943e-01
7.823751230000000056e-01 -3.635868320000000264e-01 5.056617279999999770e-01 -6.193570000000000464e-01 2.563770309999999775e-01 9.279418310000000503e-01 2.705453299999999728e-01 -3.170250000000000012e-01 -5.675913900000000289e-01 -8.202788330000000683e-02 8.192139160000000420e-01 3.265129999999999977e-01
7.788062789999999902e-01 -3.689418429999999915e-01 5.072895579999999738e-01 -6.244429999999999703e-01 2.610198499999999977e-01 9.260033709999999640e-01 2.727386949999999755e-01 -3.234899999999999998e-01 -5.703765570000000062e-01 -7.999796369999999379e-02 8.174783839999999469e-01 3.328800000000000092e-01
7.756085679999999982e-01 -3.697709650000000070e-01 5.115669870000000286e-01 -6.310369999999999591e-01 2.639050019999999996e-01 9.261793640000000050e-01 2.693435270000000270e-01 -3.279409999999999825e-01 -5.733982029999999952e-01 -7.390006039999999499e-02 8.159370580000000484e-01 3.384380000000000166e-01
7.717700760000000271e-01 -3.712423930000000039e-01 5.162848389999999954e-01 -6.387070000000000247e-01 2.674304259999999989e-01 9.260911649999999939e-01 2.661505630000000067e-01 -3.293760000000000021e-01 -5.769332000000000349e-01 -6.733676550000000649e-02 8.140109599999999501e-01 3.432749999999999968e-01
7.665918849999999729e-01 -3.760048710000000183e-01 5.205355120000000335e-01 -6.449099999999999833e-01 2.718249649999999740e-01 9.244375489999999695e-01 2.674442100000000155e-01 -3.319460000000000188e-01 -5.817628990000000000e-01 -6.352601350000000591e-02 8.108738340000000155e-01 3.486509999999999887e-01
7.611676689999999912e-01 -3.804662630000000267e-01 5.252325220000000350e-01 -6.507199999999999651e-01 2.756252129999999800e-01 9.228447109999999842e-01 2.690508910000000142e-01 -3.354690000000000172e-01 -5.870728419999999836e-01 -6.002551390000000070e-02 8.073056520000000402e-01 3.544660000000000033e-01
7.570279479999999506e-01 -3.821017429999999937e-01 5.300065499999999652e-01 -6.582259999999999778e-01 2.774177629999999839e-01 9.223967290000000263e-01 2.687446000000000002e-01 -3.361230000000000051e-01 -5.915640880000000434e-01 -5.641394140000000057e-02 8.042819140000000422e-01 3.592890000000000250e-01
7.536426069999999644e-01 -3.854705549999999925e-01 5.323863939999999850e-01 -6.652860000000000440e-01 2.784405699999999984e-01 9.209431420000000479e-01 2.726436839999999973e-01 -3.369550000000000045e-01 -5.953937099999999649e-01 -5.723792569999999746e-02 8.013926310000000219e-01 3.642110000000000070e-01
7.507402020000000231e-01 -3.906478849999999725e-01 5.327132239999999852e-01 -6.705020000000000424e-01 2.802599849999999893e-01 9.185893600000000214e-01 2.786537800000000176e-01 -3.401250000000000107e-01 -5.982002090000000383e-01 -5.989839500000000011e-02 7.991049319999999900e-01 3.695880000000000276e-01
7.467896469999999454e-01 -3.953344329999999851e-01 5.348045529999999603e-01 -6.745799999999999574e-01 2.834675939999999894e-01 9.166516719999999729e-01 2.817726649999999777e-01 -3.447200000000000264e-01 -6.016239249999999483e-01 -5.882514889999999885e-02 7.966104790000000380e-01 3.752800000000000025e-01
7.425227720000000531e-01 -3.965366359999999979e-01 5.398320380000000140e-01 -6.803879999999999928e-01 2.859216880000000072e-01 9.164590870000000056e-01 2.799134329999999893e-01 -3.460909999999999820e-01 -6.057299080000000391e-01 -5.349241030000000119e-02 7.938701660000000437e-01 3.800680000000000169e-01
7.382520169999999826e-01 -3.981590779999999996e-01 5.444752590000000447e-01 -6.867560000000000331e-01 2.874055019999999794e-01 9.159360899999999805e-01 2.801056149999999745e-01 -3.461230000000000140e-01 -6.102311329999999812e-01 -5.030334969999999961e-02 7.906247760000000291e-01 3.851260000000000239e-01
7.350950179999999889e-01 -4.003688080000000205e-01 5.471198520000000176e-01 -6.923939999999999539e-01 2.874285979999999796e-01 9.149322880000000380e-01 2.833438019999999780e-01 -3.463950000000000085e-01 -6.140196380000000342e-01 -5.102672550000000168e-02 7.876396110000000172e-01 3.902149999999999785e-01
7.327822000000000502e-01 -4.032684690000000183e-01 5.480919539999999923e-01 -6.977189999999999781e-01 2.865427389999999908e-01 9.134447230000000140e-01 2.889844220000000186e-01 -3.464690000000000270e-01 -6.171900080000000122e-01 -5.471087040000000012e-02 7.849096850000000236e-01 3.950080000000000258e-01
7.311020630000000242e-01 -4.075210080000000179e-01 5.471895490000000528e-01 -7.011220000000000230e-01 2.858036360000000276e-01 9.111854299999999629e-01 2.967446619999999924e-01 -3.504619999999999957e-01 -6.195208279999999679e-01 -6.056187169999999870e-02 7.826405330000000271e-01 4.009880000000000111e-01
7.307690470000000049e-01 -4.082322569999999873e-01 5.471042170000000038e-01 -7.043190000000000284e-01 2.854406170000000076e-01 9.107806880000000049e-01 2.983323509999999956e-01 -3.545590000000000130e-01 -6.200808450000000471e-01 -6.184628269999999789e-02 7.820964030000000511e-01 4.067390000000000172e-01
7.306040280000000164e-01 -4.065642600000000106e-01 5.485647249999999753e-01 -7.096019999999999550e-01 2.843844850000000202e-01 9.115911899999999957e-01 2.968618650000000025e-01 -3.547310000000000185e-01 -6.207601950000000146e-01 -6.088517720000000133e-02 7.816327629999999527e-01 4.115929999999999866e-01
7.293504100000000046e-01 -4.072039840000000188e-01 5.497571239999999859e-01 -7.128409999999999469e-01 2.828502560000000221e-01 9.111587150000000079e-01 2.996423360000000091e-01 -3.573089999999999877e-01 -6.229315469999999744e-01 -6.304531709999999789e-02 7.797317329999999824e-01 4.174840000000000217e-01
7.275288020000000300e-01 -4.060230879999999765e-01 5.530344419999999594e-01 -7.165089999999999515e-01 2.800674799999999798e-01 9.116196279999999597e-01 3.008518920000000096e-01 -3.593160000000000243e-01 -6.263098670000000201e-01 -6.399145400000000317e-02 7.769433989999999790e-01 4.233839999999999826e-01
7.251107329999999518e-01 -4.062697379999999914e-01 5.560209750000000284e-01 -7.198860000000000259e-01 2.783703180000000055e-01 9.114462859999999944e-01 3.029449350000000263e-01 -3.609430000000000138e-01 -6.298606119999999864e-01 -6.488888819999999447e-02 7.739929209999999449e-01 4.292179999999999884e-01
7.218521409999999472e-01 -4.087431140000000185e-01 5.584429720000000374e-01 -7.226780000000000426e-01 2.785622529999999819e-01 9.102979749999999814e-01 3.062036390000000274e-01 -3.627250000000000196e-01 -6.335081350000000278e-01 -6.547262040000000061e-02 7.709609450000000086e-01 4.352289999999999770e-01
7.180395160000000443e-01 -4.128492309999999832e-01 5.603345130000000340e-01 -7.250820000000000043e-01 2.802509449999999736e-01 9.084269000000000371e-01 3.101934470000000110e-01 -3.656900000000000150e-01 -6.370860699999999488e-01 -6.569687579999999860e-02 7.679877990000000265e-01 4.420020000000000060e-01
7.132145189999999912e-01 -4.183563739999999753e-01 5.624082089999999923e-01 -7.269440000000000346e-01 2.840994820000000143e-01 9.060292330000000449e-01 3.136853740000000168e-01 -3.694120000000000181e-01 -6.407905539999999567e-01 -6.394508170000000324e-02 7.650480330000000162e-01 4.494270000000000209e-01
7.074045239999999790e-01 -4.236059600000000036e-01 5.658063540000000113e-01 -7.282739999999999769e-01 2.895242310000000208e-01 9.039324330000000352e-01 3.147727379999999964e-01 -3.737090000000000134e-01 -6.447903219999999713e-01 -5.885700960000000287e-02 7.620900819999999465e-01 4.567599999999999993e-01
7.008236140000000391e-01 -4.273138380000000014e-01 5.711822349999999826e-01 -7.306190000000000184e-01 2.942321419999999743e-01 9.025971630000000356e-01 3.142384579999999983e-01 -3.765339999999999798e-01 -6.498259060000000087e-01 -5.216555960000000131e-02 7.582908720000000047e-01 4.639190000000000258e-01
6.942843359999999464e-01 -4.298292470000000254e-01 5.772487149999999678e-01 -7.329750000000000432e-01 2.978082080000000187e-01 9.017583040000000105e-01 3.132766069999999847e-01 -3.798839999999999995e-01 -6.551942710000000503e-01 -4.559363539999999881e-02 7.540833430000000170e-01 4.715529999999999999e-01
6.881152240000000253e-01 -4.312459330000000257e-01 5.835446720000000420e-01 -7.367799999999999905e-01 3.000153740000000013e-01 9.013540039999999864e-01 3.123327320000000018e-01 -3.807909999999999906e-01 -6.606725469999999989e-01 -3.984853449999999769e-02 7.496158210000000155e-01 4.785289999999999822e-01
6.821217929999999763e-01 -4.347184510000000057e-01 5.879878630000000550e-01 -7.392840000000000522e-01 3.010092300000000165e-01 8.997402570000000432e-01 3.160077729999999918e-01 -3.836450000000000138e-01 -6.664107609999999626e-01 -3.856601540000000050e-02 7.445867040000000436e-01 4.860539999999999861e-01
6.760866930000000163e-01 -4.380785560000000078e-01 5.924474339999999950e-01 -7.421130000000000226e-01 3.016104379999999807e-01 8.981493270000000528e-01 3.199358219999999808e-01 -3.863599999999999812e-01 -6.722632870000000427e-01 -3.761602160000000056e-02 7.393558740000000240e-01 4.929509999999999725e-01
6.694566709999999476e-01 -4.434493489999999927e-01 5.959701670000000506e-01 -7.444859999999999811e-01 3.036027090000000261e-01 8.955417329999999509e-01 3.253158460000000196e-01 -3.900199999999999778e-01 -6.779772569999999998e-01 -3.684670610000000124e-02 7.341588110000000222e-01 4.998569999999999958e-01
6.628229629999999872e-01 -4.486144630000000189e-01 5.995087839999999613e-01 -7.470560000000000533e-01 3.062037519999999957e-01 8.930407120000000143e-01 3.297234439999999767e-01 -3.939170000000000171e-01 -6.833044569999999762e-01 -3.497643100000000227e-02 7.292953229999999953e-01 5.066060000000000008e-01
6.570289000000000268e-01 -4.518877159999999948e-01 6.034157079999999951e-01 -7.489810000000000079e-01 3.071751340000000163e-01 8.914450099999999821e-01 3.331204449999999873e-01 -3.980489999999999862e-01 -6.884449590000000230e-01 -3.351545820000000064e-02 7.245138039999999835e-01 5.130080000000000195e-01
6.508407489999999962e-01 -4.529969189999999979e-01 6.092619390000000301e-01 -7.507009999999999517e-01 3.065735110000000208e-01 8.909653560000000416e-01 3.349528569999999927e-01 -4.023829999999999907e-01 -6.945638929999999878e-01 -3.121739609999999929e-02 7.187534159999999783e-01 5.194309999999999761e-01
6.440746499999999708e-01 -4.525463579999999819e-01 6.167411440000000189e-01 -7.529670000000000529e-01 3.057177289999999936e-01 8.913300699999999743e-01 3.347646570000000210e-01 -4.053309999999999969e-01 -7.012164539999999890e-01 -2.706472780000000050e-02 7.124345479999999453e-01 5.254720000000000502e-01
6.368740059999999925e-01 -4.524868200000000118e-01 6.242172520000000002e-01 -7.563280000000000003e-01 3.042782569999999964e-01 8.914508559999999582e-01 3.357530550000000225e-01 -4.065400000000000125e-01 -7.083828359999999602e-01 -2.389665579999999956e-02 7.054237789999999730e-01 5.313290000000000513e-01
6.297394090000000277e-01 -4.545185900000000001e-01 6.299532749999999792e-01 -7.587469999999999493e-01 3.025186919999999779e-01 8.904255720000000540e-01 3.400363829999999976e-01 -4.090170000000000194e-01 -7.154793619999999521e-01 -2.356167019999999904e-02 6.982364429999999844e-01 5.374120000000000008e-01
6.228836840000000485e-01 -4.565368710000000108e-01 6.352873380000000347e-01 -7.610109999999999930e-01 3.010686329999999744e-01 8.894075390000000247e-01 3.439649799999999757e-01 -4.116619999999999724e-01 -7.220620429999999867e-01 -2.298508380000000018e-02 6.914463760000000292e-01 5.433400000000000452e-01
6.161907450000000397e-01 -4.583418650000000150e-01 6.404933250000000022e-01 -7.645560000000000134e-01 2.998572099999999852e-01 8.885043500000000538e-01 3.473408619999999725e-01 -4.131310000000000260e-01 -7.282819640000000039e-01 -2.197168290000000093e-02 6.849252700000000305e-01 5.490930000000000533e-01
6.088074650000000476e-01 -4.629655870000000117e-01 6.442176160000000484e-01 -7.668909999999999894e-01 2.998861560000000148e-01 8.861042540000000356e-01 3.533943190000000123e-01 -4.161730000000000151e-01 -7.344533779999999901e-01 -2.195715479999999983e-02 6.783038550000000111e-01 5.547739999999999894e-01
6.010870699999999456e-01 -4.668775680000000206e-01 6.486290710000000015e-01 -7.675309999999999633e-01 3.012100280000000185e-01 8.841100179999999975e-01 3.572422089999999772e-01 -4.217969999999999775e-01 -7.402478329999999662e-01 -1.936009199999999889e-02 6.720553049999999917e-01 5.605719999999999592e-01
5.939034979999999742e-01 -4.657195179999999990e-01 6.560365580000000474e-01 -7.697629999999999750e-01 3.027022679999999966e-01 8.848546210000000078e-01 3.541237589999999824e-01 -4.250590000000000201e-01 -7.454193260000000487e-01 -1.173158550000000071e-02 6.664926089999999581e-01 5.657060000000000421e-01
5.876863909999999747e-01 -4.632164599999999965e-01 6.633665779999999845e-01 -7.723809999999999842e-01 3.036174059999999786e-01 8.862352249999999598e-01 3.498622539999999836e-01 -4.272509999999999919e-01 -7.499607830000000197e-01 -4.199646209999999616e-03 6.614689609999999664e-01 5.705409999999999648e-01
5.823591110000000404e-01 -4.600195180000000161e-01 6.702536150000000248e-01 -7.761590000000000433e-01 3.034453739999999899e-01 8.879064719999999467e-01 3.457499130000000198e-01 -4.280640000000000001e-01 -7.541742310000000282e-01 2.034746779999999956e-03 6.566712179999999455e-01 5.753970000000000473e-01
5.794251099999999655e-01 -4.583321670000000125e-01 6.739422579999999607e-01 -7.804309999999999858e-01 3.021334920000000035e-01 8.887723819999999719e-01 3.446723170000000058e-01 -4.278129999999999988e-01 -7.569556760000000217e-01 3.908732639999999876e-03 6.534545330000000041e-01 5.799670000000000103e-01
5.786575739999999524e-01 -4.599838030000000244e-01 6.734762890000000057e-01 -7.843670000000000364e-01 3.011257529999999960e-01 8.879258840000000541e-01 3.477224540000000141e-01 -4.280889999999999973e-01 -7.579437260000000398e-01 1.588822969999999961e-03 6.523180079999999492e-01 5.843220000000000081e-01
5.777138410000000057e-01 -4.630988730000000220e-01 6.721503939999999844e-01 -7.863269999999999982e-01 2.995272669999999859e-01 8.863024449999999943e-01 3.532016310000000159e-01 -4.301650000000000196e-01 -7.592958149999999851e-01 -2.722100030000000181e-03 6.507399289999999947e-01 5.883019999999999916e-01
5.748447309999999977e-01 -4.643809380000000209e-01 6.737238899999999919e-01 -7.879209999999999825e-01 2.979820819999999815e-01 8.856265399999999621e-01 3.561913970000000207e-01 -4.334939999999999904e-01 -7.620762519999999540e-01 -3.997099839999999731e-03 6.474749490000000218e-01 5.930180000000000451e-01
5.709253460000000002e-01 -4.632284119999999783e-01 6.778375079999999775e-01 -7.916750000000000176e-01 2.965451049999999755e-01 8.862362759999999895e-01 3.558739430000000259e-01 -4.340169999999999861e-01 -7.655751100000000031e-01 -2.168059339999999901e-03 6.433428709999999828e-01 5.974199999999999511e-01
5.652980349999999765e-01 -4.651458989999999738e-01 6.812322830000000495e-01 -7.956180000000000474e-01 2.961210650000000166e-01 8.852334080000000549e-01 3.587117630000000168e-01 -4.349939999999999918e-01 -7.699028810000000389e-01 -1.051825259999999984e-03 6.381602050000000359e-01 6.026550000000000518e-01
5.604725959999999896e-01 -4.684183619999999770e-01 6.829748949999999708e-01 -7.989429999999999588e-01 2.971935250000000139e-01 8.835067829999999622e-01 3.620659789999999822e-01 -4.372130000000000183e-01 -7.730113050000000374e-01 4.765695900000000248e-05 6.343922450000000213e-01 6.082929999999999726e-01
5.557946950000000053e-01 -4.697771379999999830e-01 6.858583649999999698e-01 -8.025459999999999816e-01 2.978360079999999854e-01 8.827819169999999716e-01 3.633040029999999865e-01 -4.386109999999999731e-01 -7.761352780000000395e-01 2.350880039999999910e-03 6.305620539999999830e-01 6.138169999999999460e-01
5.497157750000000176e-01 -4.697656089999999729e-01 6.907480289999999856e-01 -8.054900000000000393e-01 2.971415239999999902e-01 8.827757769999999837e-01 3.638871289999999759e-01 -4.404359999999999942e-01 -7.807172860000000103e-01 5.215426300000000105e-03 6.248626390000000530e-01 6.195159999999999556e-01
5.407426810000000028e-01 -4.681848579999999815e-01 6.988564170000000075e-01 -8.110500000000000487e-01 2.957814810000000127e-01 8.835695449999999562e-01 3.630677270000000068e-01 -4.397940000000000182e-01 -7.874710590000000288e-01 1.038257010000000029e-02 6.162641749999999696e-01 6.265020000000000033e-01
5.335779550000000482e-01 -4.691735639999999874e-01 7.036836880000000294e-01 -8.147550000000000070e-01 2.944172019999999890e-01 8.830223369999999905e-01 3.654997449999999870e-01 -4.415120000000000156e-01 -7.928512330000000441e-01 1.215397590000000076e-02 6.092940199999999917e-01 6.340660000000000185e-01
5.265592669999999975e-01 -4.676423100000000055e-01 7.099619769999999663e-01 -8.188309999999999755e-01 2.936719190000000035e-01 8.837607100000000049e-01 3.643127919999999964e-01 -4.435549999999999771e-01 -7.978045769999999592e-01 1.666361950000000078e-02 6.026858069999999623e-01 6.418230000000000324e-01
5.185520179999999479e-01 -4.666077889999999950e-01 7.165060890000000127e-01 -8.252800000000000136e-01 2.952437849999999808e-01 8.841447580000000306e-01 3.621037890000000092e-01 -4.420439999999999925e-01 -8.024555519999999609e-01 2.377431899999999862e-02 5.962380980000000497e-01 6.490460000000000118e-01
5.087684900000000177e-01 -4.724463380000000212e-01 7.196867940000000186e-01 -8.302089999999999748e-01 2.994617219999999858e-01 8.808814950000000144e-01 3.665657769999999815e-01 -4.443670000000000120e-01 -8.071414380000000444e-01 2.902152989999999891e-02 5.896443420000000435e-01 6.579190000000000316e-01
5.008356219999999803e-01 -4.755057529999999755e-01 7.232274600000000442e-01 -8.344449999999999923e-01 3.041487569999999918e-01 8.789748640000000224e-01 3.672828910000000002e-01 -4.482360000000000233e-01 -8.103438859999999577e-01 3.602037799999999873e-02 5.848464060000000408e-01 6.669340000000000268e-01
4.955221450000000250e-01 -4.736481149999999807e-01 7.280901499999999915e-01 -8.401079999999999659e-01 3.070625140000000086e-01 8.796358450000000273e-01 3.632538960000000205e-01 -4.501729999999999898e-01 -8.125087180000000187e-01 4.356884169999999945e-02 5.813186219999999516e-01 6.754599999999999493e-01
4.911746860000000270e-01 -4.719744060000000130e-01 7.321117320000000150e-01 -8.455660000000000398e-01 3.100686930000000063e-01 8.801659219999999895e-01 3.593958190000000052e-01 -4.520919999999999939e-01 -8.140054260000000319e-01 5.047879890000000341e-02 5.786597079999999949e-01 6.843339999999999979e-01
4.864221910000000038e-01 -4.702754599999999785e-01 7.363656990000000402e-01 -8.508710000000000440e-01 3.132839949999999818e-01 8.806256460000000397e-01 3.554597179999999801e-01 -4.526330000000000076e-01 -8.156265019999999755e-01 5.778809320000000138e-02 5.756856310000000310e-01 6.922279999999999545e-01
4.806183270000000118e-01 -4.699071839999999778e-01 7.404007439999999995e-01 -8.563199999999999701e-01 3.145640989999999859e-01 8.805031829999999671e-01 3.546315999999999913e-01 -4.533920000000000172e-01 -8.185691489999999959e-01 6.246104699999999871e-02 5.710018970000000360e-01 7.008060000000000400e-01
4.742629979999999912e-01 -4.693878040000000196e-01 7.448152110000000325e-01 -8.617709999999999537e-01 3.153310830000000120e-01 8.804513259999999786e-01 3.540787639999999903e-01 -4.543639999999999901e-01 -8.219737940000000354e-01 6.693693089999999679e-02 5.655780489999999716e-01 7.097299999999999720e-01
4.675027889999999742e-01 -4.694328429999999885e-01 7.490486950000000421e-01 -8.680849999999999955e-01 3.159612909999999775e-01 8.801087979999999700e-01 3.543684040000000257e-01 -4.541049999999999809e-01 -8.255965149999999753e-01 7.100217540000000604e-02 5.597759249999999520e-01 7.187249999999999472e-01
4.613552850000000038e-01 -4.709312179999999848e-01 7.519142829999999611e-01 -8.728700000000000347e-01 3.164942350000000126e-01 8.790983589999999959e-01 3.563951089999999877e-01 -4.559969999999999857e-01 -8.288441949999999503e-01 7.355176900000000295e-02 5.546236900000000025e-01 7.279930000000000012e-01
4.559412729999999803e-01 -4.701948810000000090e-01 7.556681339999999913e-01 -8.779900000000000482e-01 3.182937699999999759e-01 8.790464300000000453e-01 3.549175259999999832e-01 -4.570239999999999858e-01 -8.311477800000000027e-01 7.870291079999999773e-02 5.504536500000000165e-01 7.369959999999999845e-01
4.496837819999999764e-01 -4.694421049999999984e-01 7.598740729999999832e-01 -8.828690000000000149e-01 3.205610749999999731e-01 8.788885690000000084e-01 3.532640380000000024e-01 -4.572930000000000050e-01 -8.336816500000000518e-01 8.472894079999999939e-02 5.457068010000000191e-01 7.454030000000000378e-01
4.419891659999999889e-01 -4.680723190000000145e-01 7.652149249999999903e-01 -8.875340000000000451e-01 3.216162049999999883e-01 8.790380589999999827e-01 3.519305440000000118e-01 -4.577749999999999875e-01 -8.373819879999999660e-01 9.055603230000000559e-02 5.390649410000000197e-01 7.539519999999999555e-01
4.330648950000000053e-01 -4.656900219999999813e-01 7.717432220000000065e-01 -8.933619999999999894e-01 3.226745719999999928e-01 8.795504269999999680e-01 3.496743740000000100e-01 -4.560460000000000069e-01 -8.416269469999999586e-01 9.759021750000000661e-02 5.311687409999999998e-01 7.621339999999999781e-01
4.225447749999999836e-01 -4.670668889999999851e-01 7.767267439999999690e-01 -8.984210000000000251e-01 3.238054899999999736e-01 8.782265550000000198e-01 3.519490339999999939e-01 -4.551450000000000218e-01 -8.465257929999999709e-01 1.027941589999999961e-01 5.223288649999999755e-01 7.705009999999999915e-01
4.121566019999999830e-01 -4.680223379999999822e-01 7.817173570000000016e-01 -9.024229999999999752e-01 3.237665750000000009e-01 8.772165790000000518e-01 3.544943970000000166e-01 -4.559409999999999852e-01 -8.516467229999999944e-01 1.069867449999999942e-01 5.130805939999999454e-01 7.786809999999999565e-01
4.020789169999999801e-01 -4.665213429999999772e-01 7.878390579999999810e-01 -9.077009999999999801e-01 3.237226420000000049e-01 8.773150349999999653e-01 3.542908129999999822e-01 -4.547189999999999843e-01 -8.564672770000000268e-01 1.125884749999999934e-01 5.037734010000000096e-01 7.863869999999999472e-01
3.914406369999999802e-01 -4.673191680000000070e-01 7.927086620000000083e-01 -9.128960000000000408e-01 3.249646270000000059e-01 8.761470009999999808e-01 3.560399180000000108e-01 -4.524770000000000181e-01 -8.609135949999999760e-01 1.182337829999999951e-01 4.948217400000000099e-01 7.927619999999999667e-01
3.802243599999999835e-01 -4.697076499999999766e-01 7.967459820000000192e-01 -9.159389999999999477e-01 3.243962650000000170e-01 8.744473059999999798e-01 3.607062140000000250e-01 -4.541140000000000176e-01 -8.661388450000000461e-01 1.213121320000000031e-01 4.848575740000000134e-01 7.998889999999999612e-01
3.699097650000000015e-01 -4.651765390000000000e-01 8.042248149999999818e-01 -9.194870000000000543e-01 3.215706810000000249e-01 8.762264370000000246e-01 3.589143739999999805e-01 -4.551600000000000090e-01 -8.716415910000000489e-01 1.258491890000000002e-01 4.737118519999999888e-01 8.067800000000000527e-01
3.605271529999999891e-01 -4.583058309999999969e-01 8.123890310000000392e-01 -9.264059999999999517e-01 3.182847409999999821e-01 8.791337890000000543e-01 3.547091840000000107e-01 -4.513530000000000042e-01 -8.767639339999999670e-01 1.306887399999999977e-01 4.628233549999999918e-01 8.135890000000000066e-01
3.505542669999999750e-01 -4.603006290000000167e-01 8.156194190000000122e-01 -9.300960000000000338e-01 3.182117649999999798e-01 8.776132730000000270e-01 3.585194789999999743e-01 -4.512809999999999877e-01 -8.808251689999999634e-01 1.338591610000000043e-01 4.541241529999999749e-01 8.199720000000000342e-01
3.414217869999999766e-01 -4.599122359999999743e-01 8.197023230000000105e-01 -9.341800000000000104e-01 3.177244060000000148e-01 8.772420100000000165e-01 3.598578299999999897e-01 -4.512419999999999765e-01 -8.845803330000000519e-01 1.375761309999999904e-01 4.456348769999999848e-01 8.263359999999999594e-01
3.331927729999999976e-01 -4.597230019999999917e-01 8.231873039999999531e-01 -9.389880000000000448e-01 3.161324839999999914e-01 8.770087859999999846e-01 3.618229430000000080e-01 -4.501000000000000001e-01 -8.882808269999999951e-01 1.396794570000000069e-01 4.375463640000000209e-01 8.325979999999999492e-01
3.258865719999999855e-01 -4.612798439999999944e-01 8.252386609999999845e-01 -9.419030000000000458e-01 3.145720570000000160e-01 8.760601190000000260e-01 3.654628409999999827e-01 -4.523139999999999938e-01 -8.915393219999999674e-01 1.404975910000000050e-01 4.306019779999999963e-01 8.392659999999999565e-01
3.204386519999999905e-01 -4.575501299999999993e-01 8.294377309999999559e-01 -9.450070000000000414e-01 3.123847319999999983e-01 8.776694560000000145e-01 3.634722890000000040e-01 -4.541229999999999989e-01 -8.942789549999999865e-01 1.426331130000000058e-01 4.241708920000000216e-01 8.452950000000000186e-01
3.150141920000000262e-01 -4.520481020000000072e-01 8.345169690000000529e-01 -9.478379999999999583e-01 3.106532850000000012e-01 8.799589450000000479e-01 3.593978179999999800e-01 -4.555190000000000072e-01 -8.968057740000000555e-01 1.460300250000000077e-01 4.176297840000000039e-01 8.516550000000000509e-01
3.102795509999999868e-01 -4.446962139999999786e-01 8.402213269999999623e-01 -9.519290000000000251e-01 3.100351709999999983e-01 8.828544000000000391e-01 3.527694740000000273e-01 -4.544259999999999966e-01 -8.986683439999999523e-01 1.510410090000000038e-01 4.118031329999999879e-01 8.580609999999999626e-01
3.063471609999999790e-01 -4.416873450000000090e-01 8.432459350000000020e-01 -9.567200000000000149e-01 3.098951979999999828e-01 8.838563419999999615e-01 3.503754179999999940e-01 -4.512180000000000080e-01 -9.000646549999999912e-01 1.539813509999999885e-01 4.076436689999999863e-01 8.646819999999999506e-01
3.031006410000000040e-01 -4.450462980000000068e-01 8.426528309999999911e-01 -9.587710000000000399e-01 3.089017000000000013e-01 8.823890380000000144e-01 3.549215760000000164e-01 -4.514750000000000152e-01 -9.015041539999999465e-01 1.527199350000000011e-01 4.049282419999999938e-01 8.709780000000000300e-01
2.995257700000000245e-01 -4.460615829999999837e-01 8.433939630000000243e-01 -9.605529999999999902e-01 3.074132849999999806e-01 8.819565139999999692e-01 3.572810940000000213e-01 -4.519940000000000069e-01 -9.032061700000000304e-01 1.522556140000000113e-01 4.012939600000000051e-01 8.771910000000000540e-01
2.954501760000000088e-01 -4.452590770000000031e-01 8.452535399999999699e-01 -9.624519999999999742e-01 3.053221709999999756e-01 8.823578709999999603e-01 3.580823360000000011e-01 -4.515449999999999742e-01 -9.052555249999999498e-01 1.522791559999999988e-01 3.966402560000000244e-01 8.834170000000000078e-01
2.899986680000000150e-01 -4.447080990000000233e-01 8.474287459999999550e-01 -9.638689999999999758e-01 3.030121880000000156e-01 8.825912729999999540e-01 3.594666309999999809e-01 -4.511620000000000075e-01 -9.077909379999999917e-01 1.525363949999999913e-01 3.907022669999999920e-01 8.896600000000000064e-01
2.829612280000000091e-01 -4.427319900000000197e-01 8.508356649999999632e-01 -9.645930000000000337e-01 3.002977000000000007e-01 8.833834109999999518e-01 3.597986100000000187e-01 -4.517100000000000004e-01 -9.109084670000000550e-01 1.536949360000000042e-01 3.829146529999999937e-01 8.961630000000000429e-01
2.748033619999999955e-01 -4.397835970000000261e-01 8.550283619999999862e-01 -9.668090000000000295e-01 2.989604579999999845e-01 8.842678819999999495e-01 3.587380079999999971e-01 -4.487760000000000082e-01 -9.138412099999999594e-01 1.570372600000000118e-01 3.744776919999999731e-01 9.024689999999999657e-01
2.651177940000000177e-01 -4.421020900000000031e-01 8.568887309999999591e-01 -9.667540000000000022e-01 2.987042489999999773e-01 8.826282920000000365e-01 3.629642809999999997e-01 -4.484670000000000045e-01 -9.167815040000000248e-01 1.597280150000000010e-01 3.660582390000000075e-01 9.083820000000000228e-01
2.543290349999999811e-01 -4.411971319999999919e-01 8.606171230000000394e-01 -9.667930000000000135e-01 2.974782519999999986e-01 8.824236229999999903e-01 3.644656909999999805e-01 -4.468260000000000010e-01 -9.202300970000000246e-01 1.633206700000000011e-01 3.556725000000000025e-01 9.133759999999999657e-01
2.399288960000000026e-01 -4.419120380000000070e-01 8.643771599999999777e-01 -9.672370000000000134e-01 2.973055190000000181e-01 8.810506329999999720e-01 3.679119610000000096e-01 -4.444179999999999797e-01 -9.241447680000000053e-01 1.687113899999999889e-01 3.427723939999999803e-01 9.190340000000000176e-01
2.228491479999999969e-01 -4.458069310000000174e-01 8.669454640000000545e-01 -9.675089999999999524e-01 3.000541319999999734e-01 8.775030820000000453e-01 3.741067479999999890e-01 -4.434540000000000148e-01 -9.275266979999999828e-01 1.767611990000000077e-01 3.293170260000000127e-01 9.265579999999999927e-01
2.087013129999999994e-01 -4.495290639999999782e-01 8.685432530000000151e-01 -9.663389999999999480e-01 3.046776540000000200e-01 8.737880519999999818e-01 3.790329359999999870e-01 -4.456800000000000206e-01 -9.293090379999999762e-01 1.855210499999999929e-01 3.193221749999999859e-01 9.349610000000000420e-01
1.991838800000000076e-01 -4.455444049999999767e-01 8.728206950000000353e-01 -9.679640000000000466e-01 3.056778620000000224e-01 8.744766870000000303e-01 3.766318730000000059e-01 -4.431789999999999896e-01 -9.310675739999999534e-01 1.917829659999999992e-01 3.103747199999999928e-01 9.425670000000000437e-01
1.908228110000000088e-01 -4.453164179999999917e-01 8.748028020000000460e-01 -9.686669999999999447e-01 3.010291469999999969e-01 8.747867470000000312e-01 3.796440429999999866e-01 -4.401660000000000017e-01 -9.343276230000000515e-01 1.908963979999999949e-01 3.009824879999999925e-01 9.495190000000000019e-01
1.813740440000000120e-01 -4.488216010000000145e-01 8.750215009999999793e-01 -9.691349999999999687e-01 2.937625730000000268e-01 8.738804890000000380e-01 3.873453780000000179e-01 -4.375229999999999952e-01 -9.385131890000000254e-01 1.867941700000000094e-01 2.903462270000000123e-01 9.563059999999999894e-01
1.697940880000000097e-01 -4.560049769999999780e-01 8.736300299999999464e-01 -9.681480000000000086e-01 2.862414879999999884e-01 8.711037480000000111e-01 3.990539710000000073e-01 -4.380890000000000062e-01 -9.429929900000000309e-01 1.823121550000000035e-01 2.784358089999999786e-01 9.638390000000000013e-01
1.591062119999999969e-01 -4.623284489999999747e-01 8.723173840000000290e-01 -9.679170000000000273e-01 2.829096050000000084e-01 8.678689400000000331e-01 4.083695130000000173e-01 -4.390539999999999998e-01 -9.458580070000000006e-01 1.818128410000000028e-01 2.688804980000000233e-01 9.719449999999999479e-01
1.512257640000000125e-01 -4.675704259999999834e-01 8.709240299999999602e-01 -9.669860000000000122e-01 2.817197470000000203e-01 8.649041549999999523e-01 4.154212170000000093e-01 -4.414910000000000223e-01 -9.475044870000000063e-01 1.825341060000000015e-01 2.625196140000000122e-01 9.800470000000000015e-01
1.463629879999999994e-01 -4.694999289999999825e-01 8.707167689999999460e-01 -9.667620000000000102e-01 2.806784720000000122e-01 8.637319810000000375e-01 4.185530550000000072e-01 -4.431860000000000244e-01 -9.485765499999999628e-01 1.831307769999999946e-01 2.581969159999999985e-01 9.878419999999999979e-01
1.414849430000000019e-01 -4.709986329999999999e-01 8.707136720000000496e-01 -9.653760000000000119e-01 2.812012039999999824e-01 8.624516260000000267e-01 4.208361629999999853e-01 -4.465640000000000165e-01 -9.491616800000000076e-01 1.853037519999999883e-01 2.544693009999999811e-01 9.952419999999999600e-01
1.344536400000000131e-01 -4.689755959999999946e-01 8.729170109999999649e-01 -9.651969999999999716e-01 2.847431810000000119e-01 8.620483220000000335e-01 4.192779649999999747e-01 -4.477180000000000049e-01 -9.491277780000000330e-01 1.921837180000000034e-01 2.494431380000000087e-01 1.002329999999999943e+00
1.262959399999999954e-01 -4.692763899999999877e-01 8.739731149999999671e-01 -9.655700000000000394e-01 2.869804939999999749e-01 8.606389290000000525e-01 4.206457299999999955e-01 -4.481910000000000061e-01 -9.495743949999999600e-01 1.976873879999999917e-01 2.433683729999999990e-01 1.009419999999999984e+00
1.185886879999999977e-01 -4.727501960000000114e-01 8.731803799999999782e-01 -9.642950000000000133e-01 2.867568129999999993e-01 8.582217989999999519e-01 4.257063240000000248e-01 -4.514920000000000044e-01 -9.506351840000000220e-01 1.999064680000000038e-01 2.373397359999999956e-01 1.015849999999999920e+00
1.100397300000000023e-01 -4.720090160000000035e-01 8.746992319999999932e-01 -9.625730000000000119e-01 2.886759449999999894e-01 8.572853200000000173e-01 4.262957640000000215e-01 -4.562320000000000264e-01 -9.510822549999999875e-01 2.055951570000000006e-01 2.305930949999999979e-01 1.022010000000000085e+00
1.005612550000000022e-01 -4.676945009999999847e-01 8.781510620000000378e-01 -9.625489999999999879e-01 2.941476219999999975e-01 8.571452969999999727e-01 4.228227960000000007e-01 -4.589110000000000134e-01 -9.504549490000000489e-01 2.157864549999999881e-01 2.237668319999999988e-01 1.028149999999999897e+00
9.096031699999999887e-02 -4.630643019999999832e-01 8.816448679999999705e-01 -9.615200000000000413e-01 2.999600290000000169e-01 8.569392129999999774e-01 4.191409870000000204e-01 -4.631669999999999954e-01 -9.496052870000000201e-01 2.263330229999999943e-01 2.168482439999999956e-01 1.034589999999999899e+00
8.291278350000000352e-02 -4.548656839999999923e-01 8.866919869999999593e-01 -9.625559999999999672e-01 3.071085319999999896e-01 8.581149740000000303e-01 4.114888110000000099e-01 -4.645290000000000252e-01 -9.480558110000000260e-01 2.381929919999999923e-01 2.108418330000000063e-01 1.041060000000000096e+00
7.653886020000000290e-02 -4.496369009999999777e-01 8.899260979999999988e-01 -9.649699999999999944e-01 3.131144040000000128e-01 8.582307879999999667e-01 4.066931089999999971e-01 -4.640349999999999753e-01 -9.466262050000000539e-01 2.475208530000000129e-01 2.064757959999999892e-01 1.047749999999999959e+00
7.377405800000000347e-02 -4.490741249999999907e-01 8.904436079999999976e-01 -9.651619999999999644e-01 3.135651709999999759e-01 8.580382410000000348e-01 4.067520880000000116e-01 -4.669960000000000222e-01 -9.466965050000000215e-01 2.492043499999999911e-01 2.041149680000000077e-01 1.054070000000000062e+00
7.309275060000000601e-02 -4.438484449999999804e-01 8.931158980000000192e-01 -9.658489999999999576e-01 3.117593080000000128e-01 8.608023759999999802e-01 4.022752829999999835e-01 -4.691179999999999795e-01 -9.473455459999999828e-01 2.490337880000000059e-01 2.012922980000000084e-01 1.059450000000000003e+00
7.071416989999999847e-02 -4.379501530000000087e-01 8.962137970000000342e-01 -9.676240000000000396e-01 3.109458849999999774e-01 8.633725030000000134e-01 3.973670570000000235e-01 -4.696319999999999939e-01 -9.477933120000000544e-01 2.505745109999999998e-01 1.972314679999999931e-01 1.064449999999999896e+00
6.646966440000000309e-02 -4.338581289999999813e-01 8.985259639999999548e-01 -9.689330000000000442e-01 3.110032119999999733e-01 8.646650780000000314e-01 3.945013370000000075e-01 -4.708820000000000228e-01 -9.480816349999999781e-01 2.532220889999999835e-01 1.924052689999999899e-01 1.069309999999999983e+00
6.109923119999999958e-02 -4.301915239999999918e-01 9.006676059999999540e-01 -9.708339999999999748e-01 3.121656389999999948e-01 8.653231839999999675e-01 3.921331419999999901e-01 -4.716830000000000189e-01 -9.480609150000000040e-01 2.571984449999999978e-01 1.871615929999999872e-01 1.074969999999999981e+00
5.643753700000000290e-02 -4.281771389999999844e-01 9.019307859999999843e-01 -9.728919999999999790e-01 3.140242280000000163e-01 8.651364120000000213e-01 3.910598080000000087e-01 -4.717430000000000234e-01 -9.477360329999999777e-01 2.611576669999999822e-01 1.832841639999999994e-01 1.079369999999999941e+00
5.038495429999999969e-02 -4.281127949999999904e-01 9.023196730000000443e-01 -9.744049999999999656e-01 3.145679769999999986e-01 8.642854140000000296e-01 3.925018610000000074e-01 -4.720849999999999769e-01 -9.478968009999999556e-01 2.640646850000000212e-01 1.782175569999999987e-01 1.083499999999999908e+00
4.326584210000000014e-02 -4.285068280000000063e-01 9.025020580000000514e-01 -9.760309999999999819e-01 3.146121749999999939e-01 8.632316420000000212e-01 3.947788139999999779e-01 -4.726330000000000253e-01 -9.482337509999999581e-01 2.668576970000000048e-01 1.721619090000000019e-01 1.087730000000000086e+00
3.421962939999999981e-02 -4.260185610000000178e-01 9.040670339999999916e-01 -9.782720000000000304e-01 3.136267850000000190e-01 8.634791400000000339e-01 3.950215360000000064e-01 -4.724880000000000191e-01 -9.489295319999999645e-01 2.700221469999999901e-01 1.631587680000000096e-01 1.092889999999999917e+00
2.513983300000000032e-02 -4.262688470000000063e-01 9.042471229999999860e-01 -9.803520000000000012e-01 3.097618540000000031e-01 8.633355470000000365e-01 3.983708409999999756e-01 -4.713040000000000007e-01 -9.504817629999999795e-01 2.700862889999999794e-01 1.537459399999999976e-01 1.097120000000000095e+00
1.397230240000000082e-02 -4.261744619999999761e-01 9.045330860000000417e-01 -9.817080000000000251e-01 3.040881309999999838e-01 8.635845709999999675e-01 4.021841589999999855e-01 -4.715139999999999887e-01 -9.525414340000000202e-01 2.694383370000000277e-01 1.416608599999999996e-01 1.101930000000000076e+00
2.563015210000000113e-03 -4.249366780000000121e-01 9.052194489999999538e-01 -9.838099999999999623e-01 2.980244329999999775e-01 8.644118330000000183e-01 4.049365619999999999e-01 -4.701779999999999848e-01 -9.545548010000000083e-01 2.687396550000000217e-01 1.288570129999999925e-01 1.106829999999999981e+00
-1.050880120000000084e-02 -4.252840880000000046e-01 9.049989010000000222e-01 -9.858799999999999786e-01 2.941252059999999724e-01 8.636965760000000492e-01 4.092903469999999988e-01 -4.691509999999999847e-01 -9.557091229999999937e-01 2.704841390000000123e-01 1.160103539999999961e-01 1.112530000000000019e+00
-2.302462250000000127e-02 -4.269463299999999850e-01 9.039837929999999799e-01 -9.875549999999999606e-01 2.921019930000000042e-01 8.618934000000000317e-01 4.145071690000000086e-01 -4.690099999999999825e-01 -9.561099790000000542e-01 2.735993389999999970e-01 1.048671040000000027e-01 1.118489999999999984e+00
-3.414591339999999836e-02 -4.275287139999999764e-01 9.033566600000000335e-01 -9.891459999999999697e-01 2.907395070000000081e-01 8.605421229999999921e-01 4.182556559999999757e-01 -4.698599999999999999e-01 -9.561927609999999467e-01 2.769231919999999847e-01 9.491549069999999366e-02 1.125389999999999890e+00
-4.210516880000000212e-02 -4.263722079999999748e-01 9.035673159999999537e-01 -9.909860000000000335e-01 2.900705820000000212e-01 8.601988529999999855e-01 4.194245939999999839e-01 -4.706569999999999920e-01 -9.560785600000000217e-01 2.797582410000000186e-01 8.745921660000000042e-02 1.131790000000000074e+00
-4.946371740000000267e-02 -4.239980959999999910e-01 9.043113149999999489e-01 -9.939799999999999747e-01 2.889480469999999857e-01 8.606270750000000191e-01 4.193209569999999942e-01 -4.700829999999999731e-01 -9.560660890000000078e-01 2.820401610000000114e-01 7.994360720000000253e-02 1.138889999999999958e+00
-5.589198670000000008e-02 -4.265258909999999903e-01 9.027467810000000537e-01 -9.960869999999999447e-01 2.873872940000000153e-01 8.590228899999999834e-01 4.236604979999999965e-01 -4.708220000000000183e-01 -9.561823200000000300e-01 2.831171809999999955e-01 7.456562540000000183e-02 1.146200000000000108e+00
-6.103398480000000320e-02 -4.268912599999999946e-01 9.022409350000000217e-01 -9.970409999999999551e-01 2.867224469999999914e-01 8.583301359999999658e-01 4.255110049999999977e-01 -4.727919999999999900e-01 -9.560675140000000072e-01 2.846633610000000036e-01 7.001199830000000290e-02 1.152160000000000073e+00
-6.867676559999999486e-02 -4.248064850000000114e-01 9.026754409999999673e-01 -1.000159999999999938e+00 2.870179489999999944e-01 8.581443380000000065e-01 4.256864949999999981e-01 -4.718559999999999977e-01 -9.554602030000000079e-01 2.883188250000000008e-01 6.299250859999999674e-02 1.159410000000000052e+00
-7.626466369999999884e-02 -4.260803280000000082e-01 9.014650610000000119e-01 -1.001609999999999889e+00 2.868993049999999934e-01 8.564859719999999843e-01 4.290927279999999788e-01 -4.727430000000000243e-01 -9.549201489999999959e-01 2.913543120000000042e-01 5.692253509999999767e-02 1.166909999999999892e+00
-8.280143569999999509e-02 -4.274374639999999892e-01 9.002450419999999953e-01 -1.003360000000000030e+00 2.863295710000000049e-01 8.550543029999999600e-01 4.323164520000000177e-01 -4.737350000000000172e-01 -9.545466460000000541e-01 2.935632000000000241e-01 5.158826200000000278e-02 1.174360000000000070e+00
-8.793419869999999361e-02 -4.280412650000000041e-01 8.994710959999999700e-01 -1.005130000000000079e+00 2.852307049999999733e-01 8.543403229999999571e-01 4.344491420000000104e-01 -4.754499999999999837e-01 -9.544165869999999829e-01 2.947597120000000070e-01 4.696478030000000164e-02 1.182350000000000012e+00
-9.084638100000000382e-02 -4.272967269999999873e-01 8.995356810000000314e-01 -1.006590000000000096e+00 2.845194670000000259e-01 8.544849249999999508e-01 4.346310919999999967e-01 -4.777489999999999792e-01 -9.543561219999999734e-01 2.954200739999999770e-01 4.394737399999999738e-02 1.189659999999999940e+00
-9.469698969999999771e-02 -4.235118700000000125e-01 9.009273979999999904e-01 -1.009169999999999900e+00 2.844991909999999846e-01 8.557376500000000163e-01 4.321727490000000227e-01 -4.776889999999999747e-01 -9.539877829999999781e-01 2.972385739999999776e-01 3.945300499999999932e-02 1.197109999999999896e+00
-1.000736869999999945e-01 -4.237752100000000133e-01 9.002221000000000251e-01 -1.010899999999999910e+00 2.834747320000000070e-01 8.551233240000000180e-01 4.340578039999999915e-01 -4.785710000000000242e-01 -9.537438510000000313e-01 2.986279829999999857e-01 3.455422009999999794e-02 1.204930000000000057e+00
