1.000000000000000000e+00 2.053499999999999898e-23 -1.184179999999999913e-22 -6.818069999999999678e-23 -2.053499999999999898e-23 1.000000000000000000e+00 1.788870000000000032e-23 1.544579999999999906e-23 1.184179999999999913e-22 -1.788870000000000032e-23 1.000000000000000000e+00 -3.031950000000000076e-23
9.999970000000000248e-01 -2.161639999999999829e-03 6.852650000000000061e-04 -2.516640000000000110e-03 2.162100000000000133e-03 9.999970000000000248e-01 -6.680879999999999501e-04 8.169720000000000107e-04 -6.838190000000000067e-04 6.695680000000000512e-04 1.000000000000000000e+00 -6.697780000000000400e-03
9.999850000000000128e-01 -5.358370000000000320e-03 1.015339999999999993e-03 -3.139990000000000055e-03 5.358860000000000012e-03 9.999860000000000415e-01 -4.731709999999999866e-04 1.511569999999999895e-04 -1.012789999999999958e-03 4.786050000000000026e-04 9.999989999999999712e-01 -7.808700000000000016e-03
9.999700000000000255e-01 -7.388940000000000091e-03 2.197300000000000121e-03 -4.385100000000000282e-03 7.393489999999999958e-03 9.999710000000000543e-01 -2.066769999999999892e-03 9.584139999999999890e-04 -2.181970000000000090e-03 2.082950000000000079e-03 9.999949999999999672e-01 -1.014649999999999927e-02
9.999519999999999520e-01 -9.648810000000000719e-03 1.871330000000000042e-03 -4.761920000000000215e-03 9.655409999999999687e-03 9.999470000000000303e-01 -3.553370000000000140e-03 1.281859999999999901e-03 -1.836949999999999954e-03 3.571270000000000087e-03 9.999919999999999920e-01 -1.227190000000000052e-02
9.999500000000000055e-01 -9.808040000000000508e-03 2.154969999999999976e-03 -6.272289999999999810e-03 9.815429999999999988e-03 9.999460000000000015e-01 -3.445329999999999920e-03 1.369690000000000013e-03 -2.121060000000000133e-03 3.466309999999999791e-03 9.999919999999999920e-01 -1.276399999999999930e-02
9.999529999999999808e-01 -9.557210000000000011e-03 1.328420000000000078e-03 -7.320659999999999668e-03 9.560660000000000339e-03 9.999510000000000343e-01 -2.616260000000000027e-03 1.395610000000000036e-03 -1.303349999999999995e-03 2.628829999999999969e-03 9.999959999999999960e-01 -1.405939999999999968e-02
9.999749999999999472e-01 -6.968799999999999821e-03 6.788779999999999468e-04 -7.434760000000000327e-03 6.970340000000000216e-03 9.999730000000000008e-01 -2.292830000000000042e-03 1.784219999999999990e-03 -6.628810000000000388e-04 2.297510000000000004e-03 9.999970000000000248e-01 -1.431149999999999957e-02
9.999940000000000495e-01 -3.425489999999999785e-03 1.027389999999999987e-03 -6.987489999999999847e-03 3.428810000000000018e-03 9.999890000000000168e-01 -3.250750000000000167e-03 7.598690000000000392e-04 -1.016240000000000069e-03 3.254250000000000198e-03 9.999940000000000495e-01 -1.387090000000000024e-02
9.999959999999999960e-01 1.897909999999999994e-04 2.778629999999999815e-03 -7.403129999999999954e-03 -1.748900000000000010e-04 9.999860000000000415e-01 -5.362020000000000328e-03 -1.391980000000000012e-05 -2.779610000000000067e-03 5.361509999999999887e-03 9.999820000000000375e-01 -1.558080000000000055e-02
9.999919999999999920e-01 1.286459999999999904e-03 3.751089999999999893e-03 -7.268219999999999716e-03 -1.259010000000000077e-03 9.999719999999999720e-01 -7.313369999999999593e-03 5.923060000000000174e-04 -3.760400000000000114e-03 7.308590000000000225e-03 9.999660000000000215e-01 -1.650599999999999984e-02
9.999900000000000455e-01 2.780789999999999998e-03 3.471940000000000182e-03 -6.747239999999999835e-03 -2.756750000000000086e-03 9.999719999999999720e-01 -6.910140000000000379e-03 1.949789999999999911e-04 -3.491059999999999823e-03 6.900500000000000383e-03 9.999700000000000255e-01 -1.917229999999999976e-02
9.999839999999999840e-01 3.419249999999999980e-03 4.438179999999999903e-03 -7.554469999999999762e-03 -3.392130000000000145e-03 9.999759999999999760e-01 -6.103449999999999848e-03 -5.190229999999999670e-04 -4.458939999999999779e-03 6.088299999999999615e-03 9.999719999999999720e-01 -1.867500000000000063e-02
9.999829999999999552e-01 4.076139999999999798e-03 4.189960000000000385e-03 -8.153989999999999849e-03 -4.040440000000000177e-03 9.999559999999999560e-01 -8.494109999999999161e-03 -9.403560000000000477e-04 -4.224399999999999683e-03 8.477039999999999922e-03 9.999550000000000383e-01 -1.919890000000000138e-02
9.999639999999999640e-01 7.380020000000000156e-03 4.206989999999999862e-03 -7.479290000000000417e-03 -7.340720000000000231e-03 9.999299999999999855e-01 -9.282949999999999882e-03 -4.151630000000000229e-04 -4.275199999999999834e-03 9.251729999999999676e-03 9.999479999999999480e-01 -2.190939999999999901e-02
9.999529999999999808e-01 8.899489999999999484e-03 3.894359999999999922e-03 -6.847040000000000418e-03 -8.865440000000000473e-03 9.999230000000000063e-01 -8.675360000000000016e-03 -6.879519999999999483e-05 -3.971269999999999835e-03 8.640419999999999351e-03 9.999550000000000383e-01 -2.146549999999999847e-02
9.999369999999999647e-01 9.988240000000000660e-03 5.135970000000000119e-03 -7.367460000000000155e-03 -9.947140000000000148e-03 9.999190000000000023e-01 -7.966000000000000858e-03 1.989910000000000062e-04 -5.215120000000000172e-03 7.914410000000000195e-03 9.999550000000000383e-01 -2.171630000000000088e-02
9.999179999999999735e-01 1.138049999999999999e-02 5.947270000000000161e-03 -7.240710000000000028e-03 -1.134220000000000020e-02 9.999149999999999983e-01 -6.440730000000000413e-03 -3.566339999999999875e-04 -6.020069999999999762e-03 6.372749999999999942e-03 9.999620000000000175e-01 -2.210029999999999981e-02
9.999019999999999575e-01 1.232499999999999915e-02 6.612159999999999739e-03 -6.939240000000000165e-03 -1.228289999999999937e-02 9.999040000000000150e-01 -6.367300000000000217e-03 -2.120420000000000030e-03 -6.690009999999999707e-03 6.285459999999999658e-03 9.999580000000000135e-01 -2.261399999999999869e-02
9.998890000000000278e-01 1.291789999999999952e-02 7.468899999999999671e-03 -5.150629999999999792e-03 -1.286299999999999943e-02 9.998899999999999455e-01 -7.348730000000000366e-03 -2.212969999999999868e-03 -7.563010000000000219e-03 7.251839999999999849e-03 9.999449999999999728e-01 -2.287650000000000100e-02
9.998620000000000285e-01 1.331970000000000029e-02 9.954640000000000710e-03 -4.666710000000000129e-03 -1.324840000000000045e-02 9.998860000000000525e-01 -7.199269999999999801e-03 -1.982700000000000001e-03 -1.004940000000000000e-02 7.066389999999999651e-03 9.999249999999999527e-01 -2.381049999999999833e-02
9.998650000000000038e-01 1.133140000000000015e-02 1.186019999999999956e-02 -4.453450000000000290e-03 -1.126680000000000043e-02 9.999209999999999487e-01 -5.498949999999999845e-03 -3.243150000000000199e-03 -1.192159999999999921e-02 5.364579999999999869e-03 9.999149999999999983e-01 -2.464639999999999886e-02
9.998799999999999910e-01 9.040660000000000709e-03 1.261499999999999948e-02 -4.307090000000000397e-03 -8.974440000000000195e-03 9.999460000000000015e-01 -5.296409999999999660e-03 -2.779639999999999889e-03 -1.266220000000000019e-02 5.182560000000000118e-03 9.999059999999999615e-01 -2.505910000000000082e-02
9.998960000000000070e-01 7.550150000000000264e-03 1.229799999999999990e-02 -6.456719999999999994e-03 -7.531440000000000357e-03 9.999700000000000255e-01 -1.566770000000000098e-03 -3.872609999999999855e-03 -1.230949999999999926e-02 1.473989999999999892e-03 9.999230000000000063e-01 -2.719070000000000167e-02
9.999099999999999655e-01 9.470750000000000002e-03 9.521319999999999784e-03 -8.105009999999999298e-03 -9.496189999999999840e-03 9.999510000000000343e-01 2.630239999999999835e-03 -5.130749999999999894e-03 -9.495939999999999589e-03 -2.720419999999999870e-03 9.999510000000000343e-01 -2.637110000000000148e-02
9.998770000000000158e-01 1.338439999999999942e-02 8.187689999999999205e-03 -9.621799999999999797e-03 -1.341529999999999979e-02 9.999029999999999863e-01 3.729960000000000046e-03 -5.520249999999999983e-03 -8.136970000000000314e-03 -3.839340000000000114e-03 9.999599999999999600e-01 -2.589239999999999944e-02
9.997810000000000308e-01 1.929880000000000137e-02 8.098740000000000105e-03 -1.040259999999999969e-02 -1.933349999999999999e-02 9.998040000000000260e-01 4.230600000000000159e-03 -6.311520000000000151e-03 -8.015509999999999996e-03 -4.386250000000000392e-03 9.999580000000000135e-01 -2.598690000000000028e-02
9.996209999999999818e-01 2.600709999999999827e-02 9.048439999999999608e-03 -1.173699999999999917e-02 -2.605470000000000008e-02 9.996469999999999523e-01 5.182499999999999607e-03 -6.788899999999999622e-03 -8.910460000000000255e-03 -5.416289999999999820e-03 9.999460000000000015e-01 -2.436620000000000105e-02
9.995020000000000016e-01 2.932759999999999881e-02 1.165850000000000046e-02 -1.345320000000000023e-02 -2.941200000000000064e-02 9.995420000000000416e-01 7.138760000000000071e-03 -8.987329999999999972e-03 -1.144380000000000050e-02 -7.478099999999999678e-03 9.999069999999999903e-01 -2.314180000000000056e-02
9.993999999999999551e-01 3.084320000000000117e-02 1.578009999999999829e-02 -1.602620000000000086e-02 -3.095030000000000003e-02 9.994990000000000263e-01 6.592599999999999676e-03 -1.101300000000000022e-02 -1.556890000000000010e-02 -7.077039999999999720e-03 9.998540000000000205e-01 -2.181490000000000165e-02
9.993509999999999893e-01 3.068519999999999928e-02 1.884250000000000161e-02 -1.799960000000000102e-02 -3.080159999999999842e-02 9.995079999999999520e-01 5.918070000000000101e-03 -1.449399999999999994e-02 -1.865170000000000022e-02 -6.494609999999999619e-03 9.998050000000000548e-01 -2.101659999999999986e-02
9.993250000000000188e-01 2.921469999999999970e-02 2.228420000000000054e-02 -1.974060000000000051e-02 -2.928220000000000128e-02 9.995680000000000121e-01 2.706469999999999883e-03 -1.640329999999999913e-02 -2.219549999999999995e-02 -3.357170000000000033e-03 9.997479999999999700e-01 -2.166929999999999898e-02
9.992680000000000451e-01 2.714739999999999862e-02 2.694480000000000139e-02 -2.280209999999999876e-02 -2.717589999999999936e-02 9.996300000000000185e-01 6.905830000000000388e-04 -1.788000000000000006e-02 -2.691609999999999836e-02 -1.422330000000000079e-03 9.996369999999999978e-01 -2.082540000000000086e-02
9.991750000000000353e-01 2.436750000000000027e-02 3.247959999999999736e-02 -2.687010000000000093e-02 -2.440370000000000039e-02 9.997019999999999795e-01 7.168059999999999536e-04 -1.912049999999999861e-02 -3.245239999999999930e-02 -1.508840000000000008e-03 9.994720000000000271e-01 -2.068769999999999984e-02
9.990320000000000311e-01 2.179029999999999856e-02 3.822149999999999853e-02 -3.091129999999999919e-02 -2.190109999999999973e-02 9.997570000000000068e-01 2.481709999999999819e-03 -2.091729999999999978e-02 -3.815810000000000035e-02 -3.316400000000000164e-03 9.992659999999999876e-01 -1.762460000000000068e-02
9.988160000000000371e-01 2.000619999999999829e-02 4.435179999999999678e-02 -3.443390000000000339e-02 -2.019910000000000108e-02 9.997880000000000100e-01 3.904519999999999866e-03 -2.305859999999999854e-02 -4.426429999999999948e-02 -4.795759999999999607e-03 9.990080000000000071e-01 -1.656880000000000158e-02
9.985049999999999759e-01 1.825009999999999827e-02 5.153110000000000329e-02 -3.821490000000000303e-02 -1.863880000000000051e-02 9.998010000000000508e-01 7.072730000000000163e-03 -2.444699999999999998e-02 -5.139169999999999849e-02 -8.022629999999999345e-03 9.986460000000000337e-01 -1.709930000000000130e-02
9.981079999999999952e-01 1.669870000000000035e-02 5.917540000000000300e-02 -4.250519999999999993e-02 -1.732099999999999959e-02 9.998000000000000220e-01 1.001969999999999944e-02 -2.584219999999999920e-02 -5.899619999999999864e-02 -1.102569999999999939e-02 9.981970000000000010e-01 -1.283890000000000031e-02
9.975880000000000303e-01 1.607690000000000161e-02 6.752210000000000156e-02 -4.677520000000000289e-02 -1.687069999999999889e-02 9.997949999999999893e-01 1.120340000000000051e-02 -2.869479999999999947e-02 -6.732810000000000183e-02 -1.231559999999999946e-02 9.976549999999999585e-01 -1.146589999999999936e-02
9.969670000000000476e-01 1.639010000000000120e-02 7.607510000000000661e-02 -5.093029999999999780e-02 -1.736779999999999921e-02 9.997749999999999693e-01 1.220760000000000074e-02 -3.193150000000000155e-02 -7.585790000000000588e-02 -1.349189999999999938e-02 9.970269999999999966e-01 -9.772579999999999462e-03
9.962999999999999634e-01 1.552229999999999929e-02 8.452450000000000241e-02 -5.674049999999999927e-02 -1.660829999999999945e-02 9.997880000000000100e-01 1.216040000000000003e-02 -3.420630000000000198e-02 -8.431779999999999831e-02 -1.351920000000000031e-02 9.963469999999999827e-01 -8.628989999999999577e-03
9.956770000000000342e-01 1.357940000000000015e-02 9.188019999999999521e-02 -6.162349999999999772e-02 -1.490529999999999980e-02 9.997939999999999605e-01 1.376020000000000021e-02 -3.623049999999999882e-02 -9.167450000000000598e-02 -1.507020000000000061e-02 9.956749999999999767e-01 -7.231310000000000342e-03
9.950189999999999868e-01 1.258360000000000034e-02 9.888310000000000155e-02 -6.820410000000000361e-02 -1.416869999999999935e-02 9.997819999999999485e-01 1.534480000000000045e-02 -4.064369999999999788e-02 -9.866850000000000620e-02 -1.666940000000000088e-02 9.949810000000000043e-01 -4.738929999999999705e-03
9.945089999999999764e-01 9.242230000000000584e-03 1.042410000000000003e-01 -7.308270000000000044e-02 -1.086529999999999961e-02 9.998280000000000500e-01 1.501279999999999976e-02 -4.394990000000000008e-02 -1.040849999999999970e-01 -1.606300000000000089e-02 9.944389999999999619e-01 -5.031930000000000430e-03
9.939970000000000194e-01 4.885470000000000264e-03 1.093019999999999964e-01 -7.771909999999999930e-02 -6.628189999999999950e-03 9.998569999999999958e-01 1.558630000000000085e-02 -4.468369999999999981e-02 -1.092110000000000025e-01 -1.621720000000000106e-02 9.938860000000000472e-01 -3.952070000000000236e-03
9.934420000000000472e-01 6.708649999999999813e-04 1.143389999999999962e-01 -8.312920000000000031e-02 -2.681549999999999993e-03 9.998439999999999550e-01 1.743240000000000067e-02 -4.699740000000000167e-02 -1.143099999999999949e-01 -1.762470000000000009e-02 9.932889999999999775e-01 -3.098270000000000191e-03
9.926509999999999501e-01 -2.533070000000000113e-03 1.209879999999999983e-01 -8.933220000000000049e-02 3.543369999999999788e-04 9.998369999999999758e-01 1.802590000000000095e-02 -5.124599999999999989e-02 -1.210139999999999966e-01 -1.785060000000000119e-02 9.924899999999999833e-01 -4.063769999999999888e-05
9.917399999999999549e-01 -5.527009999999999736e-03 1.281430000000000069e-01 -9.471499999999999364e-02 3.627909999999999816e-03 9.998799999999999910e-01 1.504879999999999933e-02 -5.283500000000000002e-02 -1.282109999999999916e-01 -1.445959999999999954e-02 9.916409999999999947e-01 2.383440000000000124e-03
9.906869999999999843e-01 -9.680390000000000522e-03 1.358139999999999903e-01 -1.019869999999999943e-01 7.990290000000000586e-03 9.998839999999999950e-01 1.298380000000000020e-02 -5.655260000000000148e-02 -1.359239999999999893e-01 -1.177770000000000032e-02 9.906490000000000018e-01 5.266269999999999979e-03
9.896740000000000537e-01 -7.081030000000000310e-03 1.431580000000000075e-01 -1.100600000000000050e-01 6.479880000000000362e-03 9.999679999999999680e-01 4.665029999999999698e-03 -5.551439999999999847e-02 -1.431870000000000087e-01 -3.689219999999999999e-03 9.896890000000000409e-01 6.511509999999999868e-03
9.887890000000000290e-01 -2.543759999999999945e-03 1.492979999999999863e-01 -1.169690000000000035e-01 2.727760000000000080e-03 9.999959999999999960e-01 -1.027700000000000098e-03 -5.708909999999999679e-02 -1.492950000000000110e-01 1.423430000000000051e-03 9.887920000000000043e-01 9.922550000000000467e-03
9.880470000000000086e-01 -1.445620000000000108e-03 1.541430000000000022e-01 -1.216560000000000002e-01 2.545710000000000073e-03 9.999730000000000008e-01 -6.939650000000000332e-03 -5.770419999999999716e-02 -1.541289999999999882e-01 7.249109999999999582e-03 9.880240000000000133e-01 1.043769999999999941e-02
9.868890000000000162e-01 -2.088630000000000174e-03 1.613890000000000047e-01 -1.270840000000000025e-01 3.547030000000000061e-03 9.999550000000000383e-01 -8.748989999999999892e-03 -5.787110000000000171e-02 -1.613640000000000074e-01 9.206729999999999775e-03 9.868519999999999515e-01 1.206119999999999935e-02
9.853739999999999721e-01 -4.939329999999999589e-03 1.703320000000000112e-01 -1.344110000000000027e-01 6.379049999999999825e-03 9.999479999999999480e-01 -7.906140000000000737e-03 -5.747220000000000106e-02 -1.702839999999999909e-01 8.877070000000000793e-03 9.853549999999999809e-01 1.539809999999999963e-02
9.839020000000000543e-01 -7.583290000000000343e-03 1.785470000000000113e-01 -1.423230000000000051e-01 8.513450000000000531e-03 9.999540000000000095e-01 -4.443990000000000093e-03 -5.993930000000000091e-02 -1.785049999999999970e-01 5.892500000000000168e-03 9.839210000000000456e-01 1.718389999999999848e-02
9.825829999999999842e-01 -1.102769999999999966e-02 1.854949999999999932e-01 -1.487320000000000031e-01 1.139070000000000013e-02 9.999350000000000183e-01 -8.914399999999999625e-04 -6.314989999999999493e-02 -1.854729999999999990e-01 2.988820000000000105e-03 9.826449999999999907e-01 1.985759999999999956e-02
9.811600000000000321e-01 -1.459120000000000035e-02 1.926450000000000107e-01 -1.565199999999999925e-01 1.452479999999999917e-02 9.998930000000000318e-01 1.757099999999999938e-03 -6.587830000000000075e-02 -1.926499999999999879e-01 1.074129999999999963e-03 9.812670000000000003e-01 2.239319999999999852e-02
9.799839999999999662e-01 -1.930720000000000006e-02 1.981380000000000086e-01 -1.636529999999999929e-01 1.934260000000000146e-02 9.998110000000000053e-01 1.756809999999999925e-03 -6.784669999999999590e-02 -1.981340000000000046e-01 2.110840000000000112e-03 9.801729999999999610e-01 2.460439999999999849e-02
9.791499999999999648e-01 -2.421999999999999847e-02 2.016910000000000092e-01 -1.709360000000000046e-01 2.419889999999999888e-02 9.997040000000000370e-01 2.570330000000000011e-03 -7.104649999999999854e-02 -2.016940000000000122e-01 2.363979999999999901e-03 9.794460000000000388e-01 2.559039999999999926e-02
9.783300000000000329e-01 -3.081100000000000158e-02 2.047460000000000113e-01 -1.785150000000000070e-01 3.057429999999999870e-02 9.995230000000000503e-01 4.320009999999999996e-03 -7.427110000000000656e-02 -2.047819999999999918e-01 2.033580000000000110e-03 9.788059999999999539e-01 2.544060000000000071e-02
9.777829999999999577e-01 -3.480479999999999685e-02 2.067100000000000048e-01 -1.864979999999999971e-01 3.409949999999999787e-02 9.993940000000000046e-01 6.975059999999999941e-03 -7.557179999999999453e-02 -2.068280000000000118e-01 2.286160000000000080e-04 9.783770000000000522e-01 2.977669999999999970e-02
9.772579999999999600e-01 -3.654269999999999741e-02 2.088790000000000091e-01 -1.941730000000000123e-01 3.555300000000000127e-02 9.993319999999999981e-01 8.491860000000000380e-03 -7.665950000000000542e-02 -2.090500000000000136e-01 -8.724479999999999518e-04 9.779050000000000242e-01 3.180899999999999700e-02
9.770619999999999861e-01 -4.206089999999999829e-02 2.087620000000000031e-01 -1.994489999999999874e-01 4.038839999999999791e-02 9.991090000000000249e-01 1.226990000000000025e-02 -8.238629999999999565e-02 -2.090920000000000001e-01 -3.556899999999999992e-03 9.778900000000000370e-01 3.285049999999999776e-02
9.767630000000000479e-01 -4.509479999999999739e-02 2.095249999999999890e-01 -2.047819999999999918e-01 4.385619999999999796e-02 9.989820000000000366e-01 1.055619999999999996e-02 -8.430529999999999968e-02 -2.097880000000000023e-01 -1.121919999999999992e-03 9.777460000000000040e-01 3.764440000000000147e-02
9.760579999999999812e-01 -4.890579999999999927e-02 2.119409999999999905e-01 -2.115569999999999951e-01 4.790029999999999982e-02 9.988029999999999964e-01 9.879330000000000403e-03 -8.759459999999999469e-02 -2.121709999999999985e-01 5.092469999999999983e-04 9.772330000000000183e-01 3.811230000000000173e-02
9.751640000000000308e-01 -5.003479999999999733e-02 2.157580000000000053e-01 -2.176420000000000021e-01 4.939020000000000216e-02 9.987439999999999651e-01 8.381859999999999658e-03 -8.918420000000000514e-02 -2.159069999999999878e-01 2.482649999999999874e-03 9.764110000000000289e-01 4.060140000000000277e-02
9.743439999999999879e-01 -5.029859999999999887e-02 2.193720000000000114e-01 -2.225310000000000066e-01 5.024359999999999937e-02 9.987200000000000522e-01 5.833080000000000036e-03 -8.982740000000000169e-02 -2.193839999999999957e-01 5.338599999999999769e-03 9.756240000000000467e-01 4.350219999999999781e-02
9.734530000000000127e-01 -5.160939999999999972e-02 2.229909999999999948e-01 -2.292500000000000093e-01 5.187680000000000069e-02 9.986429999999999474e-01 4.662570000000000429e-03 -9.408600000000000296e-02 -2.229289999999999883e-01 7.029259999999999849e-03 9.748090000000000366e-01 4.473730000000000068e-02
9.725009999999999488e-01 -5.094289999999999929e-02 2.272589999999999888e-01 -2.354430000000000134e-01 5.205549999999999761e-02 9.986439999999999761e-01 1.098900000000000094e-03 -9.661790000000000656e-02 -2.270069999999999866e-01 1.076140000000000083e-02 9.738339999999999774e-01 4.655639999999999779e-02
9.714030000000000165e-01 -5.004519999999999802e-02 2.321040000000000048e-01 -2.431369999999999920e-01 5.242449999999999888e-02 9.986169999999999769e-01 -4.090200000000000433e-03 -9.482930000000000526e-02 -2.315790000000000071e-01 1.614120000000000138e-02 9.726820000000000466e-01 5.104550000000000060e-02
9.705249999999999710e-01 -5.187119999999999925e-02 2.353510000000000046e-01 -2.475019999999999998e-01 5.406790000000000207e-02 9.985330000000000039e-01 -2.885609999999999824e-03 -9.821969999999999312e-02 -2.348560000000000092e-01 1.552549999999999937e-02 9.719060000000000477e-01 4.987239999999999729e-02
9.695319999999999494e-01 -5.379950000000000010e-02 2.389830000000000010e-01 -2.540669999999999873e-01 5.589090000000000030e-02 9.984349999999999614e-01 -1.978129999999999819e-03 -1.008740000000000053e-01 -2.385029999999999928e-01 1.527489999999999924e-02 9.710220000000000518e-01 5.016269999999999757e-02
9.686580000000000190e-01 -5.380929999999999741e-02 2.425009999999999943e-01 -2.593670000000000142e-01 5.605489999999999778e-02 9.984250000000000069e-01 -2.365089999999999814e-03 -1.013349999999999945e-01 -2.419910000000000116e-01 1.588430000000000050e-02 9.701480000000000103e-01 5.229890000000000233e-02
9.675449999999999884e-01 -5.503860000000000002e-02 2.466339999999999921e-01 -2.633329999999999838e-01 5.761659999999999698e-02 9.983340000000000547e-01 -3.242849999999999813e-03 -1.027649999999999952e-01 -2.460440000000000127e-01 1.734780000000000003e-02 9.691030000000000477e-01 5.300839999999999719e-02
9.657930000000000126e-01 -5.778330000000000272e-02 2.527949999999999919e-01 -2.693639999999999923e-01 6.052500000000000241e-02 9.981619999999999937e-01 -3.075459999999999913e-03 -1.023590000000000055e-01 -2.521530000000000160e-01 1.827070000000000083e-02 9.675150000000000139e-01 5.559680000000000177e-02
9.640889999999999738e-01 -6.020520000000000038e-02 2.586649999999999783e-01 -2.759730000000000238e-01 6.252499999999999725e-02 9.980430000000000135e-01 -7.435750000000000085e-04 -1.041809999999999958e-01 -2.581140000000000101e-01 1.688989999999999936e-02 9.659670000000000201e-01 5.535469999999999974e-02
9.625960000000000072e-01 -6.428499999999999492e-02 2.632030000000000203e-01 -2.824389999999999956e-01 6.592380000000000462e-02 9.978209999999999580e-01 2.609799999999999794e-03 -1.060949999999999949e-01 -2.627979999999999761e-01 1.483920000000000031e-02 9.647369999999999557e-01 5.291789999999999689e-02
9.612810000000000521e-01 -6.922620000000000162e-02 2.667320000000000246e-01 -2.867239999999999789e-01 7.011739999999999640e-02 9.975199999999999623e-01 6.193009999999999661e-03 -1.066620000000000068e-01 -2.664989999999999859e-01 1.274929999999999987e-02 9.637510000000000243e-01 5.297190000000000232e-02
9.599640000000000395e-01 -7.267859999999999598e-02 2.705310000000000215e-01 -2.923520000000000008e-01 7.297560000000000158e-02 9.972929999999999851e-01 8.975020000000000220e-03 -1.076089999999999963e-01 -2.704509999999999970e-01 1.112639999999999983e-02 9.626689999999999969e-01 5.312170000000000086e-02
9.586519999999999486e-01 -7.848900000000000321e-02 2.735420000000000074e-01 -2.977360000000000007e-01 7.812410000000000188e-02 9.968679999999999763e-01 1.224420000000000022e-02 -1.090340000000000059e-01 -2.736460000000000004e-01 9.632250000000000187e-03 9.617820000000000258e-01 5.113630000000000259e-02
9.574500000000000233e-01 -8.095620000000000593e-02 2.770130000000000092e-01 -3.050320000000000253e-01 8.005579999999999641e-02 9.966840000000000144e-01 1.457780000000000013e-02 -1.079979999999999968e-01 -2.772749999999999937e-01 8.218990000000000670e-03 9.607550000000000257e-01 5.222920000000000340e-02
9.564890000000000336e-01 -8.637359999999999483e-02 2.786910000000000220e-01 -3.126780000000000115e-01 8.369680000000000175e-02 9.962590000000000057e-01 2.151290000000000147e-02 -1.089100000000000068e-01 -2.795070000000000054e-01 2.748720000000000070e-03 9.601399999999999935e-01 5.027890000000000137e-02
9.558579999999999854e-01 -9.488679999999999337e-02 2.780859999999999999e-01 -3.181209999999999871e-01 9.054009999999999836e-02 9.954859999999999820e-01 2.846239999999999881e-02 -1.105929999999999969e-01 -2.795320000000000027e-01 -2.028049999999999992e-03 9.601340000000000430e-01 4.868990000000000123e-02
9.557010000000000227e-01 -9.852679999999999771e-02 2.773579999999999934e-01 -3.242659999999999987e-01 9.313359999999999694e-02 9.951200000000000045e-01 3.258620000000000266e-02 -1.073800000000000032e-01 -2.792160000000000197e-01 -5.311279999999999821e-03 9.602140000000000120e-01 5.339700000000000002e-02
9.555420000000000025e-01 -1.062040000000000067e-01 2.750630000000000019e-01 -3.296689999999999898e-01 9.873490000000000044e-02 9.942729999999999624e-01 4.090130000000000154e-02 -1.116609999999999964e-01 -2.778320000000000234e-01 -1.192460000000000048e-02 9.605559999999999654e-01 5.258299999999999780e-02
9.553390000000000493e-01 -1.090030000000000027e-01 2.746739999999999737e-01 -3.365429999999999811e-01 1.001299999999999968e-01 9.939029999999999809e-01 4.616470000000000296e-02 -1.130619999999999958e-01 -2.780320000000000014e-01 -1.659980000000000136e-02 9.604279999999999484e-01 5.386409999999999809e-02
9.555970000000000297e-01 -1.051689999999999986e-01 2.752709999999999879e-01 -3.386989999999999723e-01 9.589770000000000238e-02 9.942830000000000279e-01 4.696550000000000030e-02 -1.064539999999999931e-01 -2.786359999999999948e-01 -1.848220000000000071e-02 9.602190000000000447e-01 6.509420000000000484e-02
9.545940000000000536e-01 -1.108279999999999960e-01 2.765279999999999960e-01 -3.435659999999999825e-01 1.000230000000000008e-01 9.935770000000000435e-01 5.292380000000000001e-02 -1.091170000000000057e-01 -2.806170000000000053e-01 -2.286140000000000047e-02 9.595470000000000388e-01 6.804910000000000125e-02
9.537879999999999692e-01 -1.118470000000000020e-01 2.788889999999999980e-01 -3.481000000000000205e-01 1.003620000000000068e-01 9.934199999999999697e-01 5.517400000000000082e-02 -1.059829999999999939e-01 -2.832250000000000045e-01 -2.463440000000000074e-02 9.587369999999999504e-01 7.343689999999999940e-02
9.519760000000000444e-01 -1.233869999999999967e-01 2.802080000000000126e-01 -3.526750000000000163e-01 1.089529999999999943e-01 9.918150000000000022e-01 6.657910000000000217e-02 -1.137210000000000026e-01 -2.861290000000000222e-01 -3.285210000000000213e-02 9.576280000000000348e-01 7.488649999999999474e-02
9.499140000000000361e-01 -1.294730000000000047e-01 2.844309999999999894e-01 -3.577290000000000192e-01 1.140319999999999945e-01 9.909890000000000088e-01 7.026590000000000613e-02 -1.139750000000000069e-01 -2.909660000000000024e-01 -3.431229999999999697e-02 9.561180000000000234e-01 7.966929999999999845e-02
9.473709999999999631e-01 -1.368890000000000107e-01 2.893959999999999866e-01 -3.611969999999999903e-01 1.199569999999999942e-01 9.899010000000000309e-01 7.554439999999999766e-02 -1.150439999999999935e-01 -2.968140000000000223e-01 -3.685349999999999737e-02 9.542239999999999611e-01 9.124549999999999328e-02
9.442749999999999755e-01 -1.487960000000000116e-01 2.936070000000000069e-01 -3.639839999999999742e-01 1.325070000000000137e-01 9.883610000000000451e-01 7.472959999999999325e-02 -1.224090000000000039e-01 -3.013089999999999935e-01 -3.166030000000000233e-02 9.530009999999999870e-01 9.580160000000000065e-02
9.417569999999999553e-01 -1.512600000000000056e-01 3.003560000000000119e-01 -3.688029999999999919e-01 1.375649999999999928e-01 9.882670000000000066e-01 6.636240000000000194e-02 -1.255419999999999869e-01 -3.068699999999999761e-01 -2.117870000000000169e-02 9.515160000000000284e-01 1.004639999999999977e-01
9.375499999999999945e-01 -1.571950000000000014e-01 3.103069999999999995e-01 -3.742500000000000271e-01 1.445799999999999863e-01 9.874600000000000044e-01 6.339889999999999415e-02 -1.275600000000000067e-01 -3.163810000000000233e-01 -1.457559999999999932e-02 9.485200000000000298e-01 1.058459999999999956e-01
9.330800000000000205e-01 -1.617210000000000036e-01 3.212590000000000168e-01 -3.786889999999999978e-01 1.497140000000000137e-01 9.867890000000000272e-01 6.191060000000000313e-02 -1.287540000000000073e-01 -3.270270000000000121e-01 -9.670559999999999920e-03 9.449659999999999727e-01 1.152760000000000035e-01
9.285980000000000345e-01 -1.661860000000000004e-01 3.317959999999999798e-01 -3.846829999999999972e-01 1.543970000000000065e-01 9.860750000000000348e-01 6.178340000000000221e-02 -1.374450000000000116e-01 -3.374440000000000217e-01 -6.143619999999999810e-03 9.413259999999999961e-01 1.214409999999999934e-01
9.245090000000000252e-01 -1.661559999999999981e-01 3.430380000000000096e-01 -3.931700000000000195e-01 1.564909999999999912e-01 9.860970000000000013e-01 5.588039999999999674e-02 -1.376340000000000063e-01 -3.475539999999999741e-01 2.020459999999999964e-03 9.376579999999999915e-01 1.266289999999999916e-01
9.213090000000000446e-01 -1.681149999999999867e-01 3.506090000000000040e-01 -3.974550000000000027e-01 1.585959999999999870e-01 9.857590000000000519e-01 5.591840000000000005e-02 -1.341819999999999957e-01 -3.550170000000000270e-01 4.087050000000000058e-03 9.348509999999999875e-01 1.332540000000000113e-01
9.173980000000000468e-01 -1.732670000000000043e-01 3.582719999999999794e-01 -4.035059999999999758e-01 1.614730000000000054e-01 9.848749999999999449e-01 6.283239999999999659e-02 -1.346380000000000077e-01 -3.637400000000000078e-01 2.089310000000000093e-04 9.314999999999999947e-01 1.404640000000000055e-01
9.134029999999999649e-01 -1.820199999999999874e-01 3.640930000000000000e-01 -4.081230000000000135e-01 1.666140000000000121e-01 9.832729999999999526e-01 7.357909999999999451e-02 -1.410160000000000025e-01 -3.713949999999999751e-01 -6.544580000000000362e-03 9.284520000000000550e-01 1.424410000000000120e-01
9.107399999999999940e-01 -1.831450000000000022e-01 3.701490000000000058e-01 -4.115960000000000174e-01 1.653590000000000060e-01 9.830219999999999514e-01 7.952679999999999472e-02 -1.427730000000000110e-01 -3.784290000000000154e-01 -1.122079999999999952e-02 9.255619999999999958e-01 1.477590000000000015e-01
9.084299999999999597e-01 -1.844629999999999881e-01 3.751369999999999982e-01 -4.176659999999999817e-01 1.654599999999999960e-01 9.827540000000000164e-01 8.256550000000000000e-02 -1.486310000000000131e-01 -3.838980000000000170e-01 -1.293500000000000032e-02 9.232850000000000223e-01 1.493579999999999908e-01
9.061620000000000230e-01 -1.849200000000000010e-01 3.803619999999999779e-01 -4.243410000000000237e-01 1.651269999999999960e-01 9.826589999999999492e-01 8.434369999999999368e-02 -1.501639999999999919e-01 -3.893630000000000146e-01 -1.362099999999999943e-02 9.209840000000000249e-01 1.539520000000000055e-01
9.027709999999999901e-01 -1.908829999999999971e-01 3.854449999999999821e-01 -4.337150000000000172e-01 1.689319999999999988e-01 9.814739999999999576e-01 9.038690000000000613e-02 -1.542449999999999932e-01 -3.955569999999999919e-01 -1.648470000000000144e-02 9.182930000000000259e-01 1.561809999999999865e-01
9.011569999999999858e-01 -1.971860000000000002e-01 3.860500000000000043e-01 -4.416959999999999775e-01 1.725319999999999909e-01 9.801279999999999992e-01 9.788779999999999704e-02 -1.584319999999999895e-01 -3.976799999999999780e-01 -2.160650000000000071e-02 9.172700000000000298e-01 1.583199999999999885e-01
9.013849999999999918e-01 -1.991950000000000109e-01 3.844830000000000192e-01 -4.487559999999999882e-01 1.730899999999999939e-01 9.796369999999999800e-01 1.017399999999999971e-01 -1.590920000000000112e-01 -3.969199999999999950e-01 -2.515699999999999881e-02 9.175090000000000190e-01 1.642550000000000121e-01
9.016349999999999643e-01 -2.057329999999999992e-01 3.804310000000000191e-01 -4.528969999999999940e-01 1.774040000000000061e-01 9.781370000000000342e-01 1.085139999999999993e-01 -1.650890000000000135e-01 -3.944380000000000108e-01 -3.035059999999999841e-02 9.184210000000000429e-01 1.685830000000000106e-01
9.018279999999999630e-01 -2.068790000000000073e-01 3.793500000000000205e-01 -4.571339999999999848e-01 1.776580000000000104e-01 9.778219999999999690e-01 1.109099999999999947e-01 -1.700820000000000110e-01 -3.938820000000000099e-01 -3.262729999999999797e-02 9.185820000000000096e-01 1.712760000000000116e-01
9.015560000000000240e-01 -2.065690000000000026e-01 3.801649999999999752e-01 -4.612700000000000133e-01 1.773069999999999924e-01 9.778900000000000370e-01 1.108729999999999993e-01 -1.718189999999999995e-01 -3.946629999999999860e-01 -3.255179999999999879e-02 9.182489999999999819e-01 1.731850000000000056e-01
8.993999999999999773e-01 -2.106230000000000047e-01 3.830379999999999896e-01 -4.692819999999999769e-01 1.797090000000000076e-01 9.769480000000000386e-01 1.152289999999999981e-01 -1.729690000000000116e-01 -3.984779999999999989e-01 -3.480110000000000148e-02 9.165170000000000261e-01 1.764840000000000020e-01
8.982740000000000169e-01 -2.098339999999999927e-01 3.860999999999999988e-01 -4.744439999999999769e-01 1.773609999999999909e-01 9.770050000000000123e-01 1.183359999999999967e-01 -1.698260000000000047e-01 -4.020529999999999937e-01 -3.781930000000000014e-02 9.148349999999999538e-01 1.865930000000000089e-01
8.981540000000000079e-01 -2.115420000000000078e-01 3.854469999999999841e-01 -4.766790000000000194e-01 1.772469999999999879e-01 9.764639999999999986e-01 1.228910000000000002e-01 -1.726370000000000127e-01 -4.023720000000000074e-01 -4.205509999999999804e-02 9.145100000000000451e-01 1.902560000000000084e-01
8.964140000000000441e-01 -2.133200000000000096e-01 3.885069999999999912e-01 -4.821489999999999942e-01 1.771099999999999897e-01 9.759349999999999969e-01 1.272099999999999898e-01 -1.762960000000000083e-01 -4.062939999999999885e-01 -4.522459999999999675e-02 9.126229999999999620e-01 1.928030000000000022e-01
8.934569999999999457e-01 -2.180199999999999916e-01 3.926850000000000063e-01 -4.873560000000000114e-01 1.795740000000000114e-01 9.747649999999999926e-01 1.326160000000000116e-01 -1.798200000000000076e-01 -4.116879999999999984e-01 -4.797110000000000263e-02 9.100610000000000088e-01 1.953169999999999906e-01
8.900569999999999871e-01 -2.213459999999999872e-01 3.985020000000000229e-01 -4.929790000000000005e-01 1.799709999999999921e-01 9.738109999999999822e-01 1.389330000000000009e-01 -1.819880000000000109e-01 -4.188180000000000236e-01 -5.193910000000000193e-02 9.065839999999999455e-01 2.010959999999999970e-01
8.868580000000000352e-01 -2.248519999999999963e-01 4.036399999999999988e-01 -4.980990000000000140e-01 1.813649999999999984e-01 9.728930000000000078e-01 1.434749999999999914e-01 -1.837429999999999897e-01 -4.249589999999999756e-01 -5.403560000000000307e-02 9.035980000000000123e-01 2.057420000000000082e-01
8.822699999999999987e-01 -2.342220000000000135e-01 4.083370000000000055e-01 -5.040900000000000380e-01 1.878569999999999962e-01 9.705489999999999950e-01 1.508140000000000036e-01 -1.885529999999999984e-01 -4.316349999999999909e-01 -5.634979999999999850e-02 9.002869999999999484e-01 2.079959999999999865e-01
8.764760000000000328e-01 -2.443770000000000109e-01 4.148120000000000140e-01 -5.069930000000000270e-01 1.946589999999999987e-01 9.679119999999999946e-01 1.589170000000000027e-01 -1.923940000000000095e-01 -4.403369999999999784e-01 -5.853970000000000007e-02 8.959219999999999962e-01 2.117459999999999898e-01
8.695119999999999516e-01 -2.529560000000000142e-01 4.242190000000000127e-01 -5.097429999999999461e-01 1.999609999999999999e-01 9.656489999999999796e-01 1.659480000000000122e-01 -1.974259999999999904e-01 -4.516240000000000254e-01 -5.946649999999999853e-02 8.902250000000000441e-01 2.168470000000000120e-01
8.621360000000000134e-01 -2.600540000000000074e-01 4.348489999999999855e-01 -5.164659999999999807e-01 2.054169999999999885e-01 9.639370000000000438e-01 1.692039999999999933e-01 -2.016040000000000054e-01 -4.631689999999999974e-01 -5.655129999999999879e-02 8.844640000000000279e-01 2.192079999999999862e-01
8.561919999999999531e-01 -2.674360000000000070e-01 4.420560000000000045e-01 -5.211339999999999861e-01 2.108240000000000114e-01 9.619769999999999710e-01 1.736459999999999948e-01 -2.040210000000000079e-01 -4.716870000000000229e-01 -5.547839999999999716e-02 8.800189999999999957e-01 2.247790000000000066e-01
8.521670000000000078e-01 -2.705730000000000079e-01 4.478869999999999796e-01 -5.262649999999999828e-01 2.131800000000000084e-01 9.612000000000000544e-01 1.750649999999999984e-01 -2.086159999999999959e-01 -4.778769999999999962e-01 -5.370430000000000342e-02 8.767840000000000078e-01 2.303679999999999894e-01
8.481689999999999507e-01 -2.724139999999999895e-01 4.543130000000000224e-01 -5.322090000000000432e-01 2.159490000000000021e-01 9.609490000000000531e-01 1.730410000000000004e-01 -2.109930000000000139e-01 -4.837099999999999733e-01 -4.865909999999999680e-02 8.738740000000000396e-01 2.350309999999999899e-01
8.443300000000000249e-01 -2.744099999999999873e-01 4.602240000000000220e-01 -5.367819999999999814e-01 2.180779999999999941e-01 9.605409999999999782e-01 1.726370000000000127e-01 -2.109979999999999911e-01 -4.894370000000000109e-01 -4.539830000000000254e-02 8.708559999999999635e-01 2.409870000000000068e-01
8.396130000000000537e-01 -2.791179999999999772e-01 4.659860000000000113e-01 -5.425510000000000055e-01 2.218980000000000119e-01 9.592779999999999641e-01 1.747769999999999879e-01 -2.148990000000000067e-01 -4.957940000000000125e-01 -4.334350000000000008e-02 8.673579999999999623e-01 2.459619999999999862e-01
8.346839999999999815e-01 -2.827520000000000033e-01 4.726040000000000241e-01 -5.510739999999999528e-01 2.240709999999999924e-01 9.582589999999999719e-01 1.775730000000000086e-01 -2.200789999999999969e-01 -5.030860000000000332e-01 -4.232099999999999751e-02 8.631999999999999673e-01 2.505200000000000204e-01
8.312129999999999797e-01 -2.842720000000000247e-01 4.777799999999999825e-01 -5.544869999999999521e-01 2.254220000000000113e-01 9.579060000000000352e-01 1.777640000000000053e-01 -2.192099999999999882e-01 -5.082020000000000426e-01 -4.005790000000000045e-02 8.603060000000000151e-01 2.568880000000000052e-01
8.275590000000000446e-01 -2.853780000000000205e-01 4.834309999999999996e-01 -5.620540000000000536e-01 2.260689999999999922e-01 9.576500000000000012e-01 1.783230000000000093e-01 -2.189210000000000045e-01 -5.138479999999999714e-01 -3.828430000000000027e-02 8.570269999999999833e-01 2.649739999999999873e-01
8.240750000000000020e-01 -2.911520000000000219e-01 4.859330000000000038e-01 -5.686069999999999736e-01 2.298270000000000035e-01 9.558769999999999767e-01 1.829699999999999938e-01 -2.227649999999999908e-01 -5.177640000000000020e-01 -3.910099999999999687e-02 8.546289999999999720e-01 2.689549999999999996e-01
8.207069999999999643e-01 -2.945420000000000260e-01 4.895760000000000112e-01 -5.751880000000000326e-01 2.320220000000000060e-01 9.548560000000000381e-01 1.855130000000000112e-01 -2.236259999999999915e-01 -5.221160000000000245e-01 -3.865960000000000230e-02 8.519980000000000331e-01 2.758820000000000161e-01
8.184040000000000203e-01 -2.976380000000000137e-01 4.915550000000000197e-01 -5.776829999999999465e-01 2.339839999999999975e-01 9.538879999999999582e-01 1.880149999999999877e-01 -2.196309999999999929e-01 -5.248490000000000100e-01 -3.885620000000000046e-02 8.503079999999999528e-01 2.839209999999999789e-01
8.155540000000000012e-01 -3.016940000000000177e-01 4.938139999999999752e-01 -5.796289999999999498e-01 2.370279999999999887e-01 9.526329999999999520e-01 1.905459999999999932e-01 -2.181420000000000026e-01 -5.279099999999999904e-01 -3.835260000000000058e-02 8.484340000000000215e-01 2.935740000000000016e-01
8.123110000000000053e-01 -3.047119999999999829e-01 4.972940000000000138e-01 -5.854059999999999819e-01 2.395289999999999919e-01 9.517339999999999689e-01 1.919059999999999933e-01 -2.196950000000000014e-01 -5.317680000000000184e-01 -3.677079999999999932e-02 8.460910000000000375e-01 3.002239999999999909e-01
8.084379999999999900e-01 -3.140939999999999843e-01 4.977679999999999882e-01 -5.919189999999999729e-01 2.482640000000000124e-01 9.487670000000000270e-01 1.954639999999999989e-01 -2.293050000000000088e-01 -5.336600000000000232e-01 -3.444269999999999970e-02 8.449969999999999981e-01 3.008379999999999943e-01
8.059809999999999475e-01 -3.148880000000000012e-01 5.012379999999999614e-01 -5.968310000000000004e-01 2.512849999999999806e-01 9.486940000000000373e-01 1.919260000000000133e-01 -2.296799999999999953e-01 -5.359570000000000167e-01 -2.873500000000000013e-02 8.437559999999999505e-01 3.065379999999999772e-01
8.012740000000000418e-01 -3.223269999999999746e-01 5.040489999999999693e-01 -6.065180000000000016e-01 2.593309999999999782e-01 9.463279999999999470e-01 1.929009999999999891e-01 -2.339249999999999940e-01 -5.391730000000000134e-01 -2.385160000000000058e-02 8.418569999999999665e-01 3.108949999999999769e-01
7.977220000000000422e-01 -3.282939999999999747e-01 5.058280000000000554e-01 -6.127169999999999561e-01 2.646669999999999856e-01 9.443179999999999907e-01 1.954889999999999961e-01 -2.411020000000000107e-01 -5.418399999999999883e-01 -2.206970000000000112e-02 8.401920000000000499e-01 3.174890000000000212e-01
7.939770000000000438e-01 -3.338229999999999809e-01 5.080970000000000208e-01 -6.214100000000000179e-01 2.713940000000000241e-01 9.424820000000000420e-01 1.951249999999999929e-01 -2.511209999999999831e-01 -5.440089999999999648e-01 -1.703030000000000169e-02 8.389060000000000406e-01 3.179790000000000116e-01
7.890759999999999996e-01 -3.378510000000000124e-01 5.130460000000000020e-01 -6.323050000000000059e-01 2.762080000000000091e-01 9.411220000000000141e-01 1.949329999999999952e-01 -2.573469999999999924e-01 -5.486969999999999903e-01 -1.210939999999999933e-02 8.359339999999999549e-01 3.207729999999999748e-01
7.874109999999999721e-01 -3.350830000000000197e-01 5.174009999999999998e-01 -6.305939999999999879e-01 2.763149999999999773e-01 9.421669999999999767e-01 1.896609999999999963e-01 -2.474500000000000033e-01 -5.510300000000000198e-01 -6.375719999999999651e-03 8.344610000000000083e-01 3.325099999999999723e-01
7.840799999999999992e-01 -3.343209999999999793e-01 5.229230000000000267e-01 -6.357220000000000093e-01 2.769030000000000102e-01 9.424569999999999892e-01 1.873499999999999888e-01 -2.464999999999999969e-01 -5.554670000000000440e-01 -2.098590000000000004e-03 8.315360000000000529e-01 3.407160000000000188e-01
7.843320000000000292e-01 -3.286270000000000024e-01 5.261439999999999451e-01 -6.319080000000000252e-01 2.749550000000000050e-01 9.444540000000000157e-01 1.800209999999999866e-01 -2.345500000000000085e-01 -5.560779999999999612e-01 3.469719999999999922e-03 8.311229999999999452e-01 3.485440000000000205e-01
7.793750000000000400e-01 -3.351540000000000075e-01 5.293830000000000480e-01 -6.471649999999999903e-01 2.783450000000000091e-01 9.421620000000000550e-01 1.866970000000000018e-01 -2.438150000000000039e-01 -5.613359999999999461e-01 1.844450000000000083e-03 8.275860000000000438e-01 3.476549999999999918e-01
7.796180000000000332e-01 -3.363010000000000166e-01 5.282959999999999878e-01 -6.479570000000000052e-01 2.778169999999999806e-01 9.417539999999999800e-01 1.895169999999999910e-01 -2.418109999999999982e-01 -5.612599999999999811e-01 -9.811290000000000722e-04 8.276390000000000136e-01 3.539860000000000229e-01
7.777380000000000404e-01 -3.402040000000000064e-01 5.285680000000000378e-01 -6.478639999999999954e-01 2.821370000000000267e-01 9.403510000000000479e-01 1.901019999999999932e-01 -2.420700000000000074e-01 -5.617130000000000178e-01 1.278980000000000091e-03 8.273310000000000386e-01 3.592099999999999738e-01
7.764919999999999600e-01 -3.408939999999999748e-01 5.299540000000000362e-01 -6.459009999999999474e-01 2.856639999999999735e-01 9.400770000000000515e-01 1.861510000000000109e-01 -2.402469999999999883e-01 -5.616550000000000153e-01 6.844170000000000115e-03 8.273430000000000506e-01 3.608620000000000161e-01
7.718199999999999505e-01 -3.453390000000000071e-01 5.338859999999999717e-01 -6.560279999999999445e-01 2.898249999999999993e-01 9.384289999999999576e-01 1.880249999999999977e-01 -2.442479999999999929e-01 -5.659469999999999779e-01 9.612229999999999386e-03 8.243859999999999522e-01 3.633449999999999736e-01
7.691580000000000084e-01 -3.471299999999999941e-01 5.365609999999999546e-01 -6.614759999999999529e-01 2.896320000000000006e-01 9.377820000000000045e-01 1.915149999999999908e-01 -2.454479999999999995e-01 -5.696579999999999977e-01 8.100120000000000584e-03 8.218419999999999614e-01 3.671599999999999864e-01
7.675290000000000168e-01 -3.503629999999999800e-01 5.367910000000000181e-01 -6.677220000000000377e-01 2.904070000000000262e-01 9.365989999999999593e-01 1.960780000000000023e-01 -2.452459999999999918e-01 -5.714559999999999640e-01 5.392199999999999771e-03 8.206149999999999833e-01 3.684459999999999957e-01
7.659150000000000125e-01 -3.541300000000000003e-01 5.366250000000000187e-01 -6.685309999999999864e-01 2.903490000000000237e-01 9.351960000000000273e-01 2.027460000000000095e-01 -2.468730000000000091e-01 -5.736480000000000468e-01 5.222960000000000016e-04 8.191019999999999968e-01 3.782320000000000126e-01
7.659709999999999575e-01 -3.546259999999999968e-01 5.362170000000000547e-01 -6.703170000000000517e-01 2.900329999999999853e-01 9.350079999999999503e-01 2.040619999999999934e-01 -2.494419999999999971e-01 -5.737320000000000197e-01 -7.846170000000000401e-04 8.190420000000000478e-01 3.832110000000000238e-01
7.657249999999999890e-01 -3.516389999999999794e-01 5.385299999999999532e-01 -6.762479999999999603e-01 2.880940000000000167e-01 9.361350000000000504e-01 2.016239999999999977e-01 -2.486510000000000109e-01 -5.750359999999999916e-01 7.586500000000000361e-04 8.181270000000000486e-01 3.877280000000000171e-01
7.685819999999999874e-01 -3.475110000000000143e-01 5.371390000000000331e-01 -6.692960000000000020e-01 2.850409999999999888e-01 9.376759999999999540e-01 1.987839999999999885e-01 -2.419389999999999874e-01 -5.727419999999999733e-01 3.246319999999999913e-04 8.197360000000000202e-01 3.941109999999999891e-01
7.646460000000000479e-01 -3.506239999999999912e-01 5.407220000000000359e-01 -6.793540000000000134e-01 2.859539999999999860e-01 9.365160000000000151e-01 2.028979999999999950e-01 -2.504239999999999799e-01 -5.775360000000000493e-01 -5.237679999999999766e-04 8.163650000000000073e-01 3.972350000000000048e-01
7.649949999999999806e-01 -3.458740000000000148e-01 5.432810000000000139e-01 -6.740589999999999637e-01 2.818129999999999802e-01 9.382810000000000317e-01 2.005250000000000088e-01 -2.436139999999999972e-01 -5.791060000000000096e-01 -2.966700000000000175e-04 8.152519999999999767e-01 4.060719999999999885e-01
7.674269999999999703e-01 -3.390389999999999793e-01 5.441580000000000306e-01 -6.683970000000000189e-01 2.780389999999999806e-01 9.407689999999999664e-01 1.940300000000000080e-01 -2.320510000000000073e-01 -5.777099999999999458e-01 2.393119999999999883e-03 8.162380000000000191e-01 4.136029999999999984e-01
7.660209999999999519e-01 -3.400730000000000142e-01 5.454919999999999769e-01 -6.687279999999999891e-01 2.788680000000000048e-01 9.403939999999999522e-01 1.946569999999999967e-01 -2.318119999999999903e-01 -5.791749999999999954e-01 3.008600000000000163e-03 8.151969999999999494e-01 4.203219999999999734e-01
7.631809999999999983e-01 -3.465940000000000132e-01 5.453689999999999927e-01 -6.661350000000000326e-01 2.850269999999999748e-01 9.380020000000000024e-01 1.972589999999999899e-01 -2.335230000000000083e-01 -5.799260000000000526e-01 4.900309999999999735e-03 8.146539999999999893e-01 4.262130000000000085e-01
7.606399999999999828e-01 -3.510010000000000074e-01 5.461000000000000298e-01 -6.640859999999999541e-01 2.910579999999999834e-01 9.363259999999999916e-01 1.964140000000000053e-01 -2.352100000000000024e-01 -5.802690000000000348e-01 9.546119999999999953e-03 8.143690000000000095e-01 4.306269999999999820e-01
7.598700000000000454e-01 -3.587620000000000253e-01 5.421129999999999560e-01 -6.583550000000000235e-01 3.016900000000000137e-01 9.332989999999999897e-01 1.947699999999999987e-01 -2.373959999999999959e-01 -5.758299999999999530e-01 1.555070000000000063e-02 8.174219999999999819e-01 4.267679999999999807e-01
7.586910000000000043e-01 -3.585990000000000011e-01 5.438699999999999646e-01 -6.505250000000000199e-01 3.067790000000000239e-01 9.331639999999999935e-01 1.873259999999999925e-01 -2.315659999999999941e-01 -5.746949999999999559e-01 2.472569999999999976e-02 8.179939999999999989e-01 4.333440000000000070e-01
7.568279999999999452e-01 -3.575400000000000245e-01 5.471530000000000005e-01 -6.478140000000000009e-01 3.090129999999999821e-01 9.333839999999999915e-01 1.824949999999999906e-01 -2.284869999999999957e-01 -5.759539999999999660e-01 3.096010000000000081e-02 8.168959999999999555e-01 4.376160000000000050e-01
7.553800000000000514e-01 -3.553350000000000120e-01 5.505799999999999583e-01 -6.432909999999999462e-01 3.097489999999999966e-01 9.340380000000000349e-01 1.778450000000000031e-01 -2.200890000000000069e-01 -5.774580000000000268e-01 3.620079999999999826e-02 8.156179999999999541e-01 4.434790000000000121e-01
7.721869999999999568e-01 -3.384550000000000058e-01 5.377499999999999503e-01 -5.960039999999999782e-01 3.049189999999999956e-01 9.398929999999999785e-01 1.537090000000000123e-01 -1.814649999999999874e-01 -5.574500000000000011e-01 4.527819999999999762e-02 8.289750000000000174e-01 4.451680000000000081e-01
7.746049999999999880e-01 -3.293829999999999814e-01 5.399030000000000218e-01 -5.879569999999999519e-01 3.017549999999999955e-01 9.427210000000000312e-01 1.422009999999999941e-01 -1.647990000000000010e-01 -5.558159999999999767e-01 5.276850000000000290e-02 8.296289999999999498e-01 4.573439999999999728e-01
7.784250000000000336e-01 -3.307479999999999865e-01 5.335360000000000102e-01 -5.817780000000000173e-01 3.029020000000000046e-01 9.423460000000000170e-01 1.422440000000000093e-01 -1.673949999999999882e-01 -5.498229999999999507e-01 5.088299999999999768e-02 8.337299999999999711e-01 4.480580000000000118e-01
7.790249999999999675e-01 -3.335060000000000247e-01 5.309380000000000210e-01 -5.758950000000000458e-01 3.051530000000000076e-01 9.414139999999999731e-01 1.436050000000000104e-01 -1.691239999999999966e-01 -5.477250000000000174e-01 5.014539999999999970e-02 8.351539999999999520e-01 4.423179999999999890e-01
7.826910000000000256e-01 -3.291370000000000129e-01 5.282639999999999558e-01 -5.656409999999999494e-01 3.030769999999999853e-01 9.428619999999999779e-01 1.384060000000000012e-01 -1.643050000000000066e-01 -5.436349999999999794e-01 5.177579999999999683e-02 8.377240000000000242e-01 4.417880000000000140e-01
7.930869999999999864e-01 -3.215489999999999737e-01 5.173200000000000021e-01 -5.457929999999999726e-01 2.998399999999999954e-01 9.453719999999999901e-01 1.279369999999999952e-01 -1.559059999999999890e-01 -5.301970000000000294e-01 5.364800000000000124e-02 8.461750000000000105e-01 4.322590000000000043e-01
7.934440000000000381e-01 -3.190560000000000063e-01 5.183140000000000525e-01 -5.396699999999999831e-01 2.998199999999999754e-01 9.459880000000000511e-01 1.233469999999999983e-01 -1.509770000000000001e-01 -5.296729999999999494e-01 5.753160000000000218e-02 8.462480000000000002e-01 4.315459999999999852e-01
7.990559999999999885e-01 -3.211260000000000225e-01 5.083189999999999653e-01 -5.175440000000000040e-01 3.031710000000000238e-01 9.452739999999999476e-01 1.205959999999999949e-01 -1.443929999999999936e-01 -5.192269999999999941e-01 5.774479999999999891e-02 8.526829999999999687e-01 4.210289999999999866e-01
7.949040000000000550e-01 -3.296549999999999758e-01 5.093670000000000142e-01 -5.176140000000000185e-01 3.112530000000000019e-01 9.421969999999999512e-01 1.240440000000000015e-01 -1.483279999999999876e-01 -5.208150000000000279e-01 5.993899999999999922e-02 8.515620000000000411e-01 4.302710000000000146e-01
7.926729999999999610e-01 -3.321879999999999833e-01 5.111959999999999837e-01 -5.138599999999999834e-01 3.109959999999999947e-01 9.415339999999999820e-01 1.295939999999999870e-01 -1.548039999999999972e-01 -5.243579999999999908e-01 5.625369999999999676e-02 8.496380000000000043e-01 4.306059999999999888e-01
7.880049999999999555e-01 -3.403760000000000119e-01 5.130230000000000068e-01 -5.116789999999999949e-01 3.175959999999999894e-01 9.385820000000000274e-01 1.348930000000000129e-01 -1.556770000000000098e-01 -5.274290000000000367e-01 5.663830000000000253e-02 8.477090000000000458e-01 4.345330000000000026e-01
7.851259999999999906e-01 -3.422040000000000082e-01 5.162109999999999754e-01 -5.117359999999999687e-01 3.182389999999999941e-01 9.379480000000000040e-01 1.377579999999999916e-01 -1.606559999999999933e-01 -5.313200000000000145e-01 5.612120000000000303e-02 8.453100000000000058e-01 4.358090000000000019e-01
7.802510000000000279e-01 -3.508519999999999972e-01 5.177939999999999765e-01 -5.071149999999999824e-01 3.276930000000000121e-01 9.344470000000000276e-01 1.393810000000000049e-01 -1.696689999999999865e-01 -5.327530000000000321e-01 6.092530000000000168e-02 8.440750000000000197e-01 4.366940000000000266e-01
7.755840000000000511e-01 -3.529769999999999852e-01 5.233320000000000194e-01 -5.042870000000000408e-01 3.327039999999999997e-01 9.331289999999999862e-01 1.363060000000000105e-01 -1.736719999999999930e-01 -5.364489999999999537e-01 6.839810000000000334e-02 8.411570000000000435e-01 4.448799999999999977e-01
7.723910000000000498e-01 -3.509760000000000102e-01 5.293660000000000032e-01 -5.093839999999999479e-01 3.334509999999999974e-01 9.334320000000000395e-01 1.323439999999999894e-01 -1.752559999999999951e-01 -5.405759999999999454e-01 7.429660000000000430e-02 8.380079999999999751e-01 4.446169999999999844e-01
7.701480000000000548e-01 -3.508100000000000107e-01 5.327330000000000121e-01 -5.110789999999999500e-01 3.327439999999999842e-01 9.334940000000000460e-01 1.336829999999999963e-01 -1.779320000000000068e-01 -5.442000000000000171e-01 7.430860000000000243e-02 8.356580000000000119e-01 4.478849999999999776e-01
7.715950000000000308e-01 -3.494579999999999909e-01 5.315269999999999717e-01 -5.119179999999999842e-01 3.315560000000000174e-01 9.340429999999999566e-01 1.327919999999999934e-01 -1.725710000000000022e-01 -5.428739999999999677e-01 7.376929999999999599e-02 8.365679999999999783e-01 4.508889999999999842e-01
7.701799999999999757e-01 -3.512819999999999832e-01 5.323759999999999604e-01 -5.172619999999999996e-01 3.299710000000000143e-01 9.337379999999999569e-01 1.387510000000000132e-01 -1.760410000000000030e-01 -5.458399999999999919e-01 6.880529999999999979e-02 8.350589999999999957e-01 4.550969999999999738e-01
7.697439999999999838e-01 -3.516839999999999966e-01 5.327410000000000201e-01 -5.147469999999999546e-01 3.284839999999999982e-01 9.338009999999999922e-01 1.418210000000000026e-01 -1.789530000000000010e-01 -5.473510000000000320e-01 6.583160000000000400e-02 8.343099999999999961e-01 4.572910000000000030e-01
7.688009999999999566e-01 -3.500929999999999875e-01 5.351449999999999818e-01 -5.157659999999999467e-01 3.275219999999999798e-01 9.343089999999999451e-01 1.407009999999999927e-01 -1.785859999999999947e-01 -5.492489999999999872e-01 6.710090000000000499e-02 8.329600000000000337e-01 4.595750000000000113e-01
7.635279999999999845e-01 -3.516270000000000229e-01 5.416490000000000471e-01 -5.233170000000000321e-01 3.268980000000000219e-01 9.338070000000000537e-01 1.454000000000000015e-01 -1.820569999999999966e-01 -5.569229999999999459e-01 6.604720000000000035e-02 8.279339999999999478e-01 4.653160000000000074e-01
7.586800000000000210e-01 -3.557270000000000154e-01 5.457689999999999486e-01 -5.256870000000000154e-01 3.290100000000000247e-01 9.322890000000000343e-01 1.502960000000000129e-01 -1.856389999999999985e-01 -5.622789999999999733e-01 6.553649999999999753e-02 8.243470000000000519e-01 4.721520000000000161e-01
7.572750000000000314e-01 -3.573839999999999795e-01 5.466360000000000108e-01 -5.261139999999999706e-01 3.299409999999999843e-01 9.316769999999999774e-01 1.520400000000000085e-01 -1.865910000000000069e-01 -5.636250000000000426e-01 6.522169999999999357e-02 8.234519999999999618e-01 4.731899999999999995e-01
7.534359999999999946e-01 -3.576230000000000242e-01 5.517600000000000282e-01 -5.299749999999999739e-01 3.312050000000000272e-01 9.313360000000000527e-01 1.513790000000000135e-01 -1.876730000000000065e-01 -5.680110000000000436e-01 6.869119999999999393e-02 8.201490000000000169e-01 4.763939999999999841e-01
7.466920000000000224e-01 -3.591429999999999900e-01 5.598809999999999620e-01 -5.369800000000000129e-01 3.337609999999999744e-01 9.303749999999999520e-01 1.516770000000000063e-01 -1.890179999999999916e-01 -5.753730000000000233e-01 7.361020000000000063e-02 8.145719999999999628e-01 4.785220000000000029e-01
7.433220000000000383e-01 -3.599669999999999814e-01 5.638229999999999631e-01 -5.391629999999999479e-01 3.352539999999999965e-01 9.298410000000000286e-01 1.516609999999999903e-01 -1.879409999999999969e-01 -5.788579999999999837e-01 7.629139999999999533e-02 8.118509999999999893e-01 4.801250000000000240e-01
7.395650000000000279e-01 -3.603120000000000211e-01 5.685240000000000293e-01 -5.395799999999999486e-01 3.398990000000000067e-01 9.289669999999999872e-01 1.465909999999999991e-01 -1.856029999999999902e-01 -5.809590000000000032e-01 8.482670000000000488e-02 8.095010000000000261e-01 4.856829999999999758e-01
7.376479999999999704e-01 -3.587830000000000186e-01 5.719710000000000072e-01 -5.417359999999999953e-01 3.420750000000000179e-01 9.289500000000000535e-01 1.415470000000000061e-01 -1.815420000000000089e-01 -5.821180000000000243e-01 9.124500000000000666e-02 8.079690000000000483e-01 4.874859999999999749e-01
7.348090000000000455e-01 -3.631920000000000148e-01 5.728410000000000446e-01 -5.472770000000000135e-01 3.463530000000000220e-01 9.270650000000000279e-01 1.434940000000000104e-01 -1.818690000000000029e-01 -5.831769999999999454e-01 9.296419999999999684e-02 8.070079999999999476e-01 4.849609999999999754e-01
7.335199999999999498e-01 -3.645140000000000047e-01 5.736539999999999973e-01 -5.526010000000000089e-01 3.491929999999999756e-01 9.262230000000000185e-01 1.420389999999999986e-01 -1.830299999999999983e-01 -5.831060000000000132e-01 9.612729999999999886e-02 8.066889999999999894e-01 4.804510000000000169e-01
7.352870000000000239e-01 -3.671449999999999991e-01 5.696999999999999842e-01 -5.538779999999999815e-01 3.585849999999999871e-01 9.240199999999999525e-01 1.326779999999999904e-01 -1.796909999999999896e-01 -5.751260000000000261e-01 1.067290000000000044e-01 8.110720000000000152e-01 4.726969999999999783e-01
7.330839999999999579e-01 -3.696169999999999733e-01 5.709389999999999743e-01 -5.571530000000000094e-01 3.656479999999999730e-01 9.219939999999999802e-01 1.273940000000000072e-01 -1.804540000000000033e-01 -5.734890000000000265e-01 1.153720000000000023e-01 8.110479999999999912e-01 4.802819999999999867e-01
7.291720000000000423e-01 -3.708609999999999962e-01 5.751270000000000548e-01 -5.634439999999999449e-01 3.711780000000000079e-01 9.203919999999999879e-01 1.229019999999999974e-01 -1.814639999999999864e-01 -5.749220000000000441e-01 1.238579999999999959e-01 8.087790000000000257e-01 4.880070000000000241e-01
7.247730000000000006e-01 -3.729770000000000030e-01 5.793030000000000124e-01 -5.684770000000000101e-01 3.753310000000000257e-01 9.188269999999999493e-01 1.219940000000000052e-01 -1.826490000000000058e-01 -5.777809999999999890e-01 1.290129999999999888e-01 8.059309999999999530e-01 4.941800000000000082e-01
7.196350000000000247e-01 -3.717909999999999826e-01 5.864270000000000316e-01 -5.758579999999999810e-01 3.722920000000000118e-01 9.195090000000000208e-01 1.261039999999999939e-01 -1.885719999999999896e-01 -5.861089999999999911e-01 1.275729999999999920e-01 8.001260000000000039e-01 5.055910000000000126e-01
7.108959999999999724e-01 -3.785560000000000036e-01 5.927249999999999464e-01 -5.837020000000000541e-01 3.813909999999999800e-01 9.156009999999999982e-01 1.273400000000000087e-01 -1.894840000000000135e-01 -5.909050000000000136e-01 1.355339999999999878e-01 7.952749999999999542e-01 5.165549999999999864e-01
7.057999999999999829e-01 -3.802180000000000004e-01 5.977289999999999548e-01 -5.918590000000000240e-01 3.849790000000000156e-01 9.141569999999999974e-01 1.269150000000000000e-01 -1.892490000000000006e-01 -5.946740000000000359e-01 1.405369999999999953e-01 7.915879999999999583e-01 5.198920000000000208e-01
6.986729999999999885e-01 -3.763480000000000159e-01 6.084549999999999681e-01 -5.954220000000000068e-01 3.883969999999999922e-01 9.137499999999999512e-01 1.191959999999999964e-01 -1.845539999999999958e-01 -6.008360000000000367e-01 1.530430000000000124e-01 7.845849999999999769e-01 5.497830000000000217e-01
6.900549999999999740e-01 -3.750899999999999790e-01 6.189759999999999707e-01 -6.029970000000000052e-01 3.930370000000000252e-01 9.123419999999999863e-01 1.146950000000000053e-01 -1.818960000000000021e-01 -6.077390000000000292e-01 1.641340000000000021e-01 7.769899999999999585e-01 5.655689999999999884e-01
6.876769999999999827e-01 -3.778219999999999912e-01 6.199599999999999556e-01 -6.072039999999999660e-01 4.000900000000000012e-01 9.097720000000000251e-01 1.106499999999999984e-01 -1.808240000000000125e-01 -6.058280000000000332e-01 1.719479999999999897e-01 7.767920000000000380e-01 5.629509999999999792e-01
6.771519999999999762e-01 -3.754430000000000267e-01 6.328570000000000029e-01 -6.162330000000000307e-01 3.994670000000000165e-01 9.098389999999999533e-01 1.123360000000000053e-01 -1.839220000000000022e-01 -6.179740000000000233e-01 1.767370000000000052e-01 7.660759999999999792e-01 5.800870000000000193e-01
6.680030000000000134e-01 -3.744870000000000143e-01 6.430639999999999690e-01 -6.198759999999999826e-01 4.001910000000000189e-01 9.093339999999999756e-01 1.138379999999999947e-01 -1.799959999999999893e-01 -6.273910000000000320e-01 1.813039999999999929e-01 7.573039999999999772e-01 5.972579999999999556e-01
6.633670000000000400e-01 -3.778610000000000024e-01 6.458829999999999849e-01 -6.276180000000000092e-01 3.902740000000000098e-01 9.111559999999999659e-01 1.322160000000000002e-01 -1.984229999999999883e-01 -6.384589999999999987e-01 1.643640000000000101e-01 7.519010000000000415e-01 5.904420000000000224e-01
6.529740000000000544e-01 -3.814690000000000025e-01 6.542980000000000462e-01 -6.352090000000000236e-01 3.885509999999999797e-01 9.102719999999999700e-01 1.429420000000000135e-01 -2.097789999999999933e-01 -6.501169999999999449e-01 1.608910000000000062e-01 7.426040000000000418e-01 5.959020000000000428e-01
6.411189999999999944e-01 -3.804890000000000216e-01 6.664790000000000436e-01 -6.417960000000000331e-01 3.873920000000000141e-01 9.101299999999999946e-01 1.469370000000000120e-01 -2.098500000000000087e-01 -6.624910000000000521e-01 1.639839999999999909e-01 7.308999999999999941e-01 6.111839999999999495e-01
6.308049999999999491e-01 -3.833050000000000068e-01 6.746579999999999799e-01 -6.479709999999999637e-01 3.889799999999999924e-01 9.085379999999999567e-01 1.524870000000000114e-01 -2.111570000000000114e-01 -6.714010000000000256e-01 1.662389999999999979e-01 7.222079999999999611e-01 6.185180000000000122e-01
6.207599999999999785e-01 -3.793030000000000013e-01 6.861390000000000544e-01 -6.522759999999999669e-01 3.913610000000000144e-01 9.082550000000000345e-01 1.480210000000000137e-01 -2.082779999999999909e-01 -6.793339999999999934e-01 1.766429999999999945e-01 7.122519999999999962e-01 6.275779999999999692e-01
6.133440000000000003e-01 -3.771530000000000160e-01 6.939490000000000380e-01 -6.589089999999999669e-01 3.943159999999999998e-01 9.075100000000000389e-01 1.447070000000000023e-01 -2.061560000000000059e-01 -6.843430000000000346e-01 1.848799999999999888e-01 7.053329999999999878e-01 6.263959999999999528e-01
6.060130000000000239e-01 -3.771379999999999733e-01 7.003679999999999906e-01 -6.610390000000000432e-01 3.930910000000000237e-01 9.074280000000000124e-01 1.485039999999999971e-01 -2.061870000000000092e-01 -6.915400000000000436e-01 1.853130000000000055e-01 6.981629999999999781e-01 6.347650000000000237e-01
5.938039999999999985e-01 -3.656570000000000098e-01 7.167229999999999990e-01 -6.611810000000000187e-01 3.908630000000000160e-01 9.096969999999999779e-01 1.402789999999999870e-01 -1.930449999999999944e-01 -7.032950000000000035e-01 1.968419999999999892e-01 6.831030000000000157e-01 6.640770000000000284e-01
5.861450000000000271e-01 -3.609919999999999796e-01 7.253410000000000135e-01 -6.673360000000000403e-01 3.895710000000000006e-01 9.105450000000000488e-01 1.383540000000000048e-01 -1.881420000000000037e-01 -7.104000000000000314e-01 2.014759999999999884e-01 6.743430000000000257e-01 6.778840000000000421e-01
5.821479999999999988e-01 -3.690559999999999952e-01 7.245009999999999506e-01 -6.632559999999999567e-01 3.934880000000000044e-01 9.076349999999999696e-01 1.461689999999999934e-01 -1.931380000000000041e-01 -7.115270000000000206e-01 1.999910000000000021e-01 6.735970000000000013e-01 6.826219999999999510e-01
5.761140000000000150e-01 -3.702759999999999940e-01 7.286890000000000311e-01 -6.732500000000000151e-01 3.946279999999999788e-01 9.067220000000000280e-01 1.487420000000000131e-01 -2.006580000000000030e-01 -7.157940000000000413e-01 2.018689999999999929e-01 6.684970000000000079e-01 6.829180000000000250e-01
5.685400000000000453e-01 -3.617150000000000087e-01 7.388670000000000515e-01 -6.791989999999999972e-01 3.921200000000000241e-01 9.087100000000000177e-01 1.431360000000000132e-01 -1.986890000000000045e-01 -7.231899999999999995e-01 2.083460000000000034e-01 6.584740000000000038e-01 6.929669999999999996e-01
5.630629999999999802e-01 -3.554320000000000257e-01 7.460759999999999614e-01 -6.867269999999999763e-01 3.905299999999999883e-01 9.100629999999999553e-01 1.388230000000000020e-01 -2.005280000000000118e-01 -7.283180000000000209e-01 2.131989999999999996e-01 6.512289999999999468e-01 6.984339999999999993e-01
5.533550000000000413e-01 -3.443320000000000269e-01 7.584410000000000318e-01 -6.932230000000000336e-01 3.851620000000000044e-01 9.131340000000000012e-01 1.335500000000000020e-01 -1.947840000000000127e-01 -7.385450000000000070e-01 2.182219999999999993e-01 6.379110000000000058e-01 7.205899999999999528e-01
5.462500000000000133e-01 -3.409530000000000061e-01 7.650890000000000191e-01 -6.891460000000000363e-01 3.853759999999999963e-01 9.132909999999999640e-01 1.318499999999999950e-01 -1.868009999999999948e-01 -7.437040000000000317e-01 2.228239999999999943e-01 6.302809999999999802e-01 7.453410000000000313e-01
5.493360000000000465e-01 -3.506319999999999992e-01 7.584769999999999568e-01 -6.866149999999999753e-01 3.948209999999999775e-01 9.089009999999999589e-01 1.342170000000000030e-01 -1.876190000000000080e-01 -7.364410000000000123e-01 2.257329999999999892e-01 6.377300000000000191e-01 7.383049999999999891e-01
5.539300000000000335e-01 -3.569720000000000115e-01 7.521520000000000428e-01 -6.862939999999999596e-01 3.979230000000000267e-01 9.070650000000000102e-01 1.374400000000000066e-01 -1.905910000000000104e-01 -7.313129999999999908e-01 2.231670000000000043e-01 6.444980000000000153e-01 7.297839999999999883e-01
5.475860000000000172e-01 -3.559629999999999739e-01 7.572579999999999867e-01 -6.896219999999999573e-01 3.963030000000000164e-01 9.073890000000000011e-01 1.399610000000000021e-01 -1.910530000000000006e-01 -7.369489999999999652e-01 2.234629999999999950e-01 6.379430000000000378e-01 7.379289999999999461e-01
5.437020000000000186e-01 -3.577279999999999904e-01 7.592219999999999525e-01 -6.913190000000000168e-01 3.955339999999999967e-01 9.070709999999999607e-01 1.441369999999999874e-01 -1.956769999999999898e-01 -7.402300000000000546e-01 2.219309999999999894e-01 6.346699999999999564e-01 7.387340000000000018e-01
5.409110000000000307e-01 -3.611949999999999883e-01 7.595750000000000002e-01 -6.948689999999999589e-01 3.978019999999999889e-01 9.055640000000000356e-01 1.473319999999999907e-01 -1.987579999999999902e-01 -7.410590000000000233e-01 2.224669999999999981e-01 6.335140000000000216e-01 7.326639999999999819e-01
5.284100000000000463e-01 -3.602270000000000194e-01 7.687779999999999614e-01 -6.983270000000000310e-01 3.940830000000000166e-01 9.061289999999999623e-01 1.537189999999999945e-01 -2.001880000000000048e-01 -7.519850000000000145e-01 2.217359999999999887e-01 6.207669999999999577e-01 7.461370000000000502e-01
5.272050000000000347e-01 -3.655120000000000036e-01 7.671090000000000408e-01 -6.962209999999999788e-01 3.995879999999999987e-01 9.033560000000000478e-01 1.558090000000000031e-01 -1.997710000000000041e-01 -7.499230000000000063e-01 2.243840000000000001e-01 6.223079999999999723e-01 7.376740000000000519e-01
5.060900000000000398e-01 -3.641989999999999950e-01 7.818129999999999802e-01 -7.025890000000000191e-01 3.990719999999999823e-01 9.024809999999999777e-01 1.620810000000000028e-01 -1.999479999999999869e-01 -7.646009999999999751e-01 2.299720000000000097e-01 6.020780000000000021e-01 7.555739999999999679e-01
4.957710000000000172e-01 -3.668210000000000082e-01 7.871810000000000196e-01 -7.004740000000000411e-01 4.024510000000000032e-01 9.002559999999999452e-01 1.660470000000000002e-01 -1.958979999999999888e-01 -7.695739999999999803e-01 2.344809999999999950e-01 5.939480000000000315e-01 7.586289999999999978e-01
4.833089999999999886e-01 -3.734620000000000162e-01 7.917950000000000266e-01 -7.033409999999999940e-01 4.107489999999999752e-01 8.954480000000000217e-01 1.716320000000000068e-01 -1.988920000000000132e-01 -7.731090000000000462e-01 2.422769999999999924e-01 5.861769999999999481e-01 7.666800000000000281e-01
4.724439999999999751e-01 -3.729430000000000245e-01 7.985679999999999445e-01 -7.140290000000000248e-01 4.122390000000000221e-01 8.943470000000000031e-01 1.737869999999999970e-01 -2.024450000000000138e-01 -7.790089999999999515e-01 2.470960000000000101e-01 5.762709999999999777e-01 7.686079999999999579e-01
4.621600000000000152e-01 -3.773590000000000000e-01 8.025010000000000199e-01 -7.123859999999999637e-01 4.172390000000000265e-01 8.910519999999999552e-01 1.787110000000000087e-01 -2.008030000000000093e-01 -7.825090000000000101e-01 2.522420000000000218e-01 5.692580000000000418e-01 7.802820000000000311e-01
4.522240000000000149e-01 -3.726300000000000168e-01 8.103329999999999700e-01 -7.119330000000000380e-01 4.070280000000000009e-01 8.946399999999999908e-01 1.842479999999999951e-01 -1.956779999999999908e-01 -7.936130000000000129e-01 2.465070000000000039e-01 5.562489999999999934e-01 7.942759999999999820e-01
4.436370000000000036e-01 -3.748219999999999885e-01 8.140610000000000346e-01 -7.037330000000000529e-01 4.066770000000000107e-01 8.936309999999999532e-01 1.898330000000000017e-01 -1.883610000000000007e-01 -7.986240000000000006e-01 2.468430000000000069e-01 5.488800000000000345e-01 8.089420000000000499e-01
4.395120000000000138e-01 -3.931700000000000195e-01 8.076179999999999470e-01 -7.051650000000000418e-01 4.127210000000000045e-01 8.869780000000000442e-01 2.071989999999999943e-01 -1.977690000000000003e-01 -7.978039999999999576e-01 2.422539999999999971e-01 5.521070000000000144e-01 8.022129999999999539e-01
4.294250000000000012e-01 -3.915420000000000011e-01 8.138109999999999511e-01 -7.080560000000000187e-01 4.037419999999999898e-01 8.892949999999999466e-01 2.148160000000000069e-01 -2.014279999999999959e-01 -8.078279999999999905e-01 2.363220000000000043e-01 5.399680000000000035e-01 8.177360000000000184e-01
4.246139999999999914e-01 -3.962180000000000146e-01 8.140730000000000466e-01 -7.115700000000000358e-01 4.047390000000000154e-01 8.873780000000000001e-01 2.207880000000000120e-01 -2.066840000000000066e-01 -8.098699999999999788e-01 2.357370000000000021e-01 5.371580000000000243e-01 8.228539999999999743e-01
4.187310000000000199e-01 -3.905279999999999863e-01 8.198490000000000499e-01 -7.095439999999999525e-01 4.016939999999999955e-01 8.893339999999999579e-01 2.184649999999999925e-01 -2.054580000000000017e-01 -8.144360000000000488e-01 2.378500000000000059e-01 5.292649999999999855e-01 8.381870000000000154e-01
4.106620000000000270e-01 -3.855060000000000153e-01 8.262819999999999609e-01 -7.145740000000000425e-01 4.031469999999999776e-01 8.895979999999999999e-01 2.146820000000000117e-01 -2.057029999999999970e-01 -8.178199999999999914e-01 2.449520000000000031e-01 5.207389999999999519e-01 8.471419999999999506e-01
4.001779999999999782e-01 -3.819699999999999762e-01 8.330410000000000315e-01 -7.114890000000000381e-01 4.107399999999999940e-01 8.873440000000000216e-01 2.095569999999999933e-01 -1.977839999999999876e-01 -8.192380000000000217e-01 2.583030000000000048e-01 5.119860000000000522e-01 8.633960000000000523e-01
3.882200000000000095e-01 -3.754399999999999959e-01 8.416240000000000387e-01 -7.063880000000000159e-01 4.113220000000000209e-01 8.878319999999999546e-01 2.063200000000000034e-01 -1.909029999999999894e-01 -8.246809999999999974e-01 2.660810000000000120e-01 4.991010000000000169e-01 8.858420000000000183e-01
3.945170000000000066e-01 -3.836669999999999803e-01 8.349590000000000067e-01 -7.099010000000000042e-01 4.245189999999999797e-01 8.819789999999999575e-01 2.046880000000000088e-01 -1.957470000000000043e-01 -8.149480000000000057e-01 2.737029999999999741e-01 5.108289999999999775e-01 8.655009999999999648e-01
3.720129999999999826e-01 -3.783250000000000224e-01 8.476299999999999946e-01 -7.121319999999999872e-01 4.343159999999999799e-01 8.779890000000000194e-01 2.012599999999999945e-01 -1.973830000000000029e-01 -8.203510000000000524e-01 2.932690000000000019e-01 4.909359999999999835e-01 8.901240000000000263e-01
3.779549999999999854e-01 -3.826060000000000016e-01 8.430670000000000108e-01 -7.248790000000000511e-01 4.430609999999999826e-01 8.743170000000000108e-01 1.981600000000000028e-01 -2.056270000000000042e-01 -8.129250000000000087e-01 2.986340000000000106e-01 4.999709999999999988e-01 8.652670000000000083e-01
3.594240000000000212e-01 -3.728380000000000027e-01 8.554570000000000229e-01 -7.261339999999999462e-01 4.554679999999999840e-01 8.701980000000000270e-01 1.878950000000000065e-01 -2.030140000000000000e-01 -8.144709999999999450e-01 3.220990000000000242e-01 4.825860000000000150e-01 8.885300000000000420e-01
3.556819999999999982e-01 -3.752719999999999945e-01 8.559560000000000501e-01 -7.281009999999999982e-01 4.705900000000000083e-01 8.631879999999999553e-01 1.828950000000000020e-01 -2.034130000000000105e-01 -8.074869999999999548e-01 3.377519999999999967e-01 4.836199999999999943e-01 8.865370000000000195e-01
3.584729999999999861e-01 -3.744469999999999743e-01 8.551530000000000520e-01 -7.303570000000000340e-01 4.727799999999999780e-01 8.626920000000000144e-01 1.795630000000000004e-01 -2.044960000000000111e-01 -8.049699999999999633e-01 3.399300000000000099e-01 4.862819999999999920e-01 8.863309999999999800e-01
3.624149999999999872e-01 -3.683969999999999745e-01 8.561180000000000456e-01 -7.344159999999999577e-01 4.729110000000000258e-01 8.642210000000000170e-01 1.716890000000000083e-01 -2.038449999999999984e-01 -8.031249999999999778e-01 3.426449999999999774e-01 4.874260000000000259e-01 8.842470000000000052e-01
3.556239999999999957e-01 -3.605169999999999764e-01 8.622990000000000377e-01 -7.205470000000000486e-01 4.779439999999999800e-01 8.630020000000000469e-01 1.637000000000000122e-01 -1.992710000000000037e-01 -8.031819999999999515e-01 3.539149999999999796e-01 4.792109999999999981e-01 9.051249999999999574e-01
3.527549999999999852e-01 -3.606579999999999786e-01 8.634180000000000188e-01 -7.351929999999999854e-01 4.841139999999999888e-01 8.599839999999999707e-01 1.614349999999999952e-01 -2.033179999999999987e-01 -8.007480000000000153e-01 3.610459999999999781e-01 4.779630000000000267e-01 8.975509999999999877e-01
3.487230000000000052e-01 -3.616869999999999807e-01 8.646239999999999482e-01 -7.277029999999999887e-01 4.882699999999999818e-01 8.575620000000000465e-01 1.618020000000000014e-01 -2.066359999999999864e-01 -7.999899999999999789e-01 3.657460000000000155e-01 4.756529999999999925e-01 9.016030000000000433e-01
3.505340000000000122e-01 -3.587719999999999798e-01 8.651060000000000416e-01 -7.422459999999999614e-01 4.871349999999999847e-01 8.587749999999999551e-01 1.587629999999999875e-01 -2.044660000000000089e-01 -7.998910000000000187e-01 3.657719999999999860e-01 4.758000000000000007e-01 8.946020000000000083e-01
3.450400000000000134e-01 -3.550170000000000270e-01 8.688559999999999617e-01 -7.517850000000000366e-01 4.854680000000000106e-01 8.597639999999999727e-01 1.585129999999999872e-01 -2.036729999999999929e-01 -8.032859999999999445e-01 3.671079999999999899e-01 4.690030000000000032e-01 8.991209999999999480e-01
3.341370000000000173e-01 -3.495349999999999846e-01 8.753159999999999830e-01 -7.477970000000000450e-01 4.849100000000000077e-01 8.601079999999999837e-01 1.583549999999999958e-01 -1.985619999999999885e-01 -8.082169999999999632e-01 3.715370000000000061e-01 4.568869999999999876e-01 9.145109999999999628e-01
3.277630000000000265e-01 -3.548169999999999935e-01 8.756009999999999627e-01 -7.452090000000000103e-01 4.947710000000000163e-01 8.540060000000000429e-01 1.608590000000000020e-01 -2.012619999999999965e-01 -8.048440000000000039e-01 3.804980000000000029e-01 4.554639999999999800e-01 9.126159999999999828e-01
3.205609999999999848e-01 -3.567819999999999880e-01 8.774659999999999682e-01 -7.513109999999999511e-01 4.905309999999999948e-01 8.549900000000000277e-01 1.684390000000000054e-01 -2.037380000000000024e-01 -8.103209999999999580e-01 3.764290000000000136e-01 4.490890000000000160e-01 9.125720000000000498e-01
3.112130000000000174e-01 -3.580570000000000142e-01 8.803079999999999794e-01 -7.534969999999999724e-01 4.895320000000000227e-01 8.543589999999999796e-01 1.744400000000000117e-01 -2.047229999999999883e-01 -8.145580000000000043e-01 3.766510000000000136e-01 4.411680000000000046e-01 9.143890000000000073e-01
3.006389999999999896e-01 -3.577330000000000232e-01 8.841059999999999475e-01 -7.557500000000000329e-01 4.845550000000000135e-01 8.557289999999999619e-01 1.814780000000000004e-01 -2.067190000000000139e-01 -8.214759999999999840e-01 3.738389999999999769e-01 4.306070000000000175e-01 9.191859999999999475e-01
2.870019999999999794e-01 -3.600590000000000179e-01 8.876859999999999751e-01 -7.621839999999999726e-01 4.833359999999999879e-01 8.544950000000000045e-01 1.903269999999999962e-01 -2.083419999999999994e-01 -8.270530000000000381e-01 3.744259999999999811e-01 4.192710000000000048e-01 9.217440000000000078e-01
2.771859999999999880e-01 -3.672290000000000276e-01 8.878690000000000193e-01 -7.646619999999999528e-01 4.861190000000000233e-01 8.506789999999999630e-01 2.000850000000000128e-01 -2.119199999999999973e-01 -8.287679999999999492e-01 3.761490000000000111e-01 4.143129999999999868e-01 9.201209999999999667e-01
2.678840000000000110e-01 -3.613720000000000265e-01 8.931109999999999882e-01 -7.588129999999999598e-01 4.808279999999999776e-01 8.534420000000000339e-01 2.011000000000000010e-01 -2.063230000000000064e-01 -8.348910000000000498e-01 3.755609999999999782e-01 4.023820000000000174e-01 9.347180000000000488e-01
2.670699999999999741e-01 -3.633199999999999763e-01 8.925650000000000528e-01 -7.513119999999999798e-01 4.898620000000000196e-01 8.487999999999999989e-01 1.989309999999999967e-01 -2.037879999999999969e-01 -8.298849999999999838e-01 3.841049999999999742e-01 4.046649999999999969e-01 9.334440000000000515e-01
2.559049999999999936e-01 -3.494499999999999829e-01 9.013309999999999933e-01 -7.455389999999999517e-01 4.841329999999999800e-01 8.533539999999999459e-01 1.933950000000000113e-01 -1.929240000000000121e-01 -8.367360000000000353e-01 3.868739999999999957e-01 3.875580000000000136e-01 9.609659999999999869e-01
2.664779999999999927e-01 -3.459720000000000018e-01 8.996070000000000455e-01 -7.476140000000000008e-01 4.846989999999999910e-01 8.548529999999999740e-01 1.851839999999999875e-01 -1.831629999999999925e-01 -8.330999999999999517e-01 3.866919999999999802e-01 3.954909999999999815e-01 9.534439999999999582e-01
2.654659999999999798e-01 -3.498609999999999776e-01 8.984010000000000051e-01 -7.475319999999999743e-01 4.936099999999999932e-01 8.497649999999999926e-01 1.850640000000000063e-01 -1.849129999999999940e-01 -8.281770000000000520e-01 3.943320000000000158e-01 3.982789999999999941e-01 9.567630000000000301e-01
2.535939999999999861e-01 -3.508120000000000127e-01 9.014550000000000063e-01 -7.488740000000000396e-01 4.879510000000000236e-01 8.510550000000000059e-01 1.939299999999999913e-01 -1.918839999999999990e-01 -8.352209999999999912e-01 3.906859999999999777e-01 3.870009999999999839e-01 9.689590000000000147e-01
2.503580000000000250e-01 -3.584160000000000124e-01 8.993659999999999988e-01 -7.481579999999999897e-01 4.630489999999999884e-01 8.601389999999999869e-01 2.138829999999999898e-01 -2.092160000000000131e-01 -8.502389999999999670e-01 3.629029999999999756e-01 3.813070000000000070e-01 9.698269999999999946e-01
2.586720000000000130e-01 -3.747130000000000183e-01 8.903250000000000330e-01 -7.648409999999999931e-01 4.582700000000000107e-01 8.589729999999999865e-01 2.283729999999999927e-01 -2.244269999999999876e-01 -8.503389999999999560e-01 3.489360000000000239e-01 3.939119999999999844e-01 9.477759999999999518e-01
2.481210000000000082e-01 -3.824250000000000149e-01 8.900489999999999791e-01 -7.760979999999999546e-01 4.534739999999999882e-01 8.577489999999999837e-01 2.421310000000000129e-01 -2.389719999999999900e-01 -8.560360000000000191e-01 3.435369999999999813e-01 3.862459999999999782e-01 9.533310000000000395e-01
2.500970000000000137e-01 -3.850049999999999861e-01 8.883820000000000050e-01 -7.721780000000000310e-01 4.475160000000000249e-01 8.596169999999999645e-01 2.465539999999999954e-01 -2.465839999999999976e-01 -8.585920000000000218e-01 3.359030000000000071e-01 3.872829999999999884e-01 9.554439999999999600e-01
2.484109999999999929e-01 -3.605760000000000076e-01 8.990420000000000078e-01 -7.542370000000000463e-01 4.660380000000000078e-01 8.581429999999999891e-01 2.154030000000000111e-01 -2.085950000000000026e-01 -8.491760000000000419e-01 3.654800000000000271e-01 3.812139999999999973e-01 9.822910000000000252e-01
2.573259999999999992e-01 -3.692360000000000086e-01 8.929989999999999872e-01 -7.728829999999999867e-01 4.630020000000000246e-01 8.582480000000000109e-01 2.214490000000000069e-01 -2.265280000000000071e-01 -8.481819999999999915e-01 3.564760000000000151e-01 3.918070000000000164e-01 9.601849999999999552e-01
